13945.5  13945.5 0 0 0 0 0 0 17.5105 0
14030.3  14030.3 0 0 0 0 0 0 17.2974 0
14083.1  14083.1 0 0 0 0 0 0 17.6811 0
14148.9  14148.9 0 0 0 0 0 0 17.5022 0
14198.8  14198.8 0 0 0 0 0 0 17.3826 0
14248.7  14248.7 0 0 0 0 0 0 17.224 0
14298.6  14298.6 0 0 0 0 0 0 17.3088 0
14348.4  14348.4 0 0 0 0 0 0 17.0052 0
14398.3  14398.3 0 0 0 0 0 0 17.2216 0
14448.1  14448.1 0 0 0 0 0 0 17.4859 0
14498  14498 0 0 0 0 0 0 17.3755 0
14547.9  14547.9 0 0 0 0 0 0 17.4234 0
14597.7  14597.7 0 0 0 0 0 0 17.3219 0
14647.6  14647.6 0 0 0 0 0 0 17.4119 0
14697.5  14697.5 0 0 0 0 0 0 17.3839 0
14747.3  14747.3 0 0 0 0 0 0 17.301 0
14797.2  14797.2 0 0 0 0 0 0 17.2538 0
14847.1  14847.1 0 0 0 0 0 0 17.4518 0
14896.9  14896.9 0 0 0 0 0 0 17.4005 0
14946.8  14946.8 0 0 0 0 0 0 17.4359 0
14996.7  14996.7 0 0 0 0 0 0 17.3865 0
15046.5  15046.5 0 0 0 0 0 0 17.6343 0
15096.4  15096.4 0 0 0 0 0 0 17.79 0
15146.3  15146.3 0 0 0 0 0 0 17.3024 0
15196.1  15196.1 0 0 0 0 0 0 17.6313 0
15246  15246 0 0 0 0 0 0 17.0021 0
15295.9  15295.9 0 0 0 0 0 0 17.1872 0
15345.7  15345.7 0 0 0 0 0 0 17.5633 0
15395.6  15395.6 0 0 0 0 0 0 17.482 0
15445.5  15445.5 0 0 0 0 0 0 17.6335 0
15495.3  15495.3 0 0 0 0 0 0 17.1757 0
15545.2  15545.2 0 0 0 0 0 0 17.3301 0
15595.1  15595.1 0 0 0 0 0 0 17.2665 0
15644.9  15644.9 0 0 0 0 0 0 17.5206 0
15694.8  15694.8 0 0 0 0 0 0 17.3368 0
15744.7  15744.7 0 0 0 0 0 0 17.1318 0
15794.5  15794.5 0 0 0 0 0 0 17.4207 0
15844.4  15844.4 0 0 0 0 0 0 17.3151 0
15894.3  15894.3 0 0 0 0 0 0 17.6476 0
15944.1  15944.1 0 0 0 0 0 0 17.3722 0
15994  15994 0 0 0 0 0 0 17.3731 0
16043.9  16043.9 0 0 0 0 0 0 17.5471 0
16093.7  16093.7 0 0 0 0 0 0 17.6451 0
16143.6  16143.6 0 0 0 0 0 0 17.226 0
16193.5  16193.5 0 0 0 0 0 0 17.9386 0
16243.3  16243.3 0 0 0 0 0 0 17.5645 0
16293.2  16293.2 0 0 0 0 0 0 17.7358 0
16343.1  16343.1 0 0 0 0 0 0 17.4601 0
16392.9  16392.9 0 0 0 0 0 0 17.4246 0
16442.8  16442.8 0 0 0 0 0 0 17.4996 0
16492.7  16492.7 0 0 0 0 0 0 17.5517 0
16542.5  16542.5 0 0 0 0 0 0 17.1054 0
16592.4  16592.4 0 0 0 0 0 0 17.3048 0
16642.3  16642.3 0 0 0 0 0 0 17.2387 0
16692.1  16692.1 0 0 0 0 0 0 17.3524 0
16742  16742 0 0 0 0 0 0 17.3987 0
16791.9  16791.9 0 0 0 0 0 0 17.2483 0
16841.7  16841.7 0 0 0 0 0 0 17.0948 0
16891.6  16891.6 0 0 0 0 0 0 17.543 0
16941.5  16941.5 0 0 0 0 0 0 17.5935 0
16991.4  16991.4 0 0 0 0 0 0 17.4421 0
17041.2  17041.2 0 0 0 0 0 0 17.5471 0
17091.1  17091.1 0 0 0 0 0 0 17.4556 0
17140.9  17140.9 0 0 0 0 0 0 17.5399 0
17190.8  17190.8 0 0 0 0 0 0 17.6404 0
17240.7  17240.7 0 0 0 0 0 0 17.3738 0
17290.5  17290.5 0 0 0 0 0 0 17.2535 0
17340.4  17340.4 0 0 0 0 0 0 17.3583 0
17390.3  17390.3 0 0 0 0 0 0 17.6541 0
17440.1  17440.1 0 0 0 0 0 0 17.6498 0
17490  17490 0 0 0 0 0 0 17.535 0
17539.9  17539.9 0 0 0 0 0 0 17.0926 0
17589.7  17589.7 0 0 0 0 0 0 17.6213 0
17639.6  17639.6 0 0 0 0 0 0 16.9985 0
17689.5  17689.5 0 0 0 0 0 0 17.5643 0
17739.3  17739.3 0 0 0 0 0 0 17.2207 0
17789.2  17789.2 0 0 0 0 0 0 17.474 0
17839.1  17839.1 0 0 0 0 0 0 17.2844 0
17888.9  17888.9 0 0 0 0 0 0 17.3513 0
17938.8  17938.8 0 0 0 0 0 0 17.1313 0
17988.7  17988.7 0 0 0 0 0 0 17.5996 0
18038.5  18038.5 0 0 0 0 0 0 17.3955 0
18088.4  18088.4 0 0 0 0 0 0 17.5236 0
18138.3  18138.3 0 0 0 0 0 0 17.7663 0
18188.1  18188.1 0 0 0 0 0 0 17.2018 0
18238  18238 0 0 0 0 0 0 17.4669 0
18287.9  18287.9 0 0 0 0 0 0 17.4455 0
18337.7  18337.7 0 0 0 0 0 0 17.1237 0
18387.6  18387.6 0 0 0 0 0 0 17.529 0
18437.5  18437.5 0 0 0 0 0 0 17.4346 0
18487.4  18487.4 0 0 0 0 0 0 17.4796 0
18539  18539 0 0 0 0 0 0 17.5484 0
18589.1  18589.1 0 0 0 0 0 0 17.5859 0
18638.9  18638.9 0 0 0 0 0 0 17.114 0
18688.8  18688.8 0 0 0 0 0 0 17.2163 0
18738.7  18738.7 0 0 0 0 0 0 17.3864 0
18788.5  18788.5 0 0 0 0 0 0 17.1277 0
18838.4  18838.4 0 0 0 0 0 0 17.3245 0
18890.3  18890.3 0 0 0 0 0 0 17.5576 0
18940.1  18940.1 0 0 0 0 0 0 17.3386 0
18990  18990 0 0 0 0 0 0 17.2351 0
19039.9  19039.9 0 0 0 0 0 0 17.3419 0
19089.7  19089.7 0 0 0 0 0 0 17.4996 0
19139.6  19139.6 0 0 0 0 0 0 17.3558 0
19189.5  19189.5 0 0 0 0 0 0 17.2036 0
19239.3  19239.3 0 0 0 0 0 0 17.1375 0
19289.2  19289.2 0 0 0 0 0 0 17.1575 0
19339.1  19339.1 0 0 0 0 0 0 17.4328 0
19388.9  19388.9 0 0 0 0 0 0 17.3767 0
19438.8  19438.8 0 0 0 0 0 0 17.7964 0
19488.7  19488.7 0 0 0 0 0 0 17.2439 0
19538.5  19538.5 0 0 0 0 0 0 17.226 0
19588.4  19588.4 0 0 0 0 0 0 17.2934 0
19638.3  19638.3 0 0 0 0 0 0 17.3108 0
19688.1  19688.1 0 0 0 0 0 0 17.6602 0
19738  19738 0 0 0 0 0 0 16.9891 0
19787.9  19787.9 0 0 0 0 0 0 17.4019 0
19837.7  19837.7 0 0 0 0 0 0 17.4043 0
19887.6  19887.6 0 0 0 0 0 0 17.1965 0
19937.5  19937.5 0 0 0 0 0 0 17.571 0
19987.3  19987.3 0 0 0 0 0 0 17.4989 0
20037.2  20037.2 0 0 0 0 0 0 17.2558 0
20087.1  20087.1 0 0 0 0 0 0 17.4764 0
20136.9  20136.9 0 0 0 0 0 0 17.3945 0
20186.8  20186.8 0 0 0 0 0 0 17.3591 0
20236.7  20236.7 0 0 0 0 0 0 17.3914 0
20286.5  20286.5 0 0 0 0 0 0 17.6206 0
20336.4  20336.4 0 0 0 0 0 0 17.6941 0
20386.3  20386.3 0 0 0 0 0 0 17.7035 0
20436.1  20436.1 0 0 0 0 0 0 16.9077 0
20486  20486 0 0 0 0 0 0 17.6538 0
20535.9  20535.9 0 0 0 0 0 0 17.8392 0
20585.7  20585.7 0 0 0 0 0 0 17.2696 0
20635.6  20635.6 0 0 0 0 0 0 17.3645 0
20685.5  20685.5 0 0 0 0 0 0 17.2836 0
20735.3  20735.3 0 0 0 0 0 0 17.553 0
20785.2  20785.2 0 0 0 0 0 0 17.403 0
20835.1  20835.1 0 0 0 0 0 0 17.4786 0
20884.9  20884.9 0 0 0 0 0 0 17.3295 0
20934.8  20934.8 0 0 0 0 0 0 17.651 0
20984.7  20984.7 0 0 0 0 0 0 17.4831 0
21034.5  21034.5 0 0 0 0 0 0 17.3189 0
21084.4  21084.4 0 0 0 0 0 0 17.4236 0
21134.3  21134.3 0 0 0 0 0 0 17.7942 0
21184.2  21184.2 0 0 0 0 0 0 17.5789 0
21234  21234 0 0 0 0 0 0 17.3241 0
21283.9  21283.9 0 0 0 0 0 0 17.2171 0
21333.7  21333.7 0 0 0 0 0 0 17.551 0
21383.6  21383.6 0 0 0 0 0 0 17.6267 0
21433.5  21433.5 0 0 0 0 0 0 17.3002 0
21483.3  21483.3 0 0 0 0 0 0 16.9135 0
21533.2  21533.2 0 0 0 0 0 0 17.493 0
21583.1  21583.1 0 0 0 0 0 0 17.5927 0
21632.9  21632.9 0 0 0 0 0 0 17.5038 0
21682.8  21682.8 0 0 0 0 0 0 17.5429 0
21732.8  21732.8 0 0 0 0 0 0 17.2399 0
21782.5  21782.5 0 0 0 0 0 0 17.4867 0
21835.4  21835.4 0 0 0 0 0 0 17.7819 0
21885.3  21885.3 0 0 0 0 0 0 17.3029 0
21934.6  21934.6 0 0 0 0 0 0 17.2823 0
22002.9  22002.9 0 0 0 0 0 0 17.483 0
22051.8  22051.8 0 0 0 0 0 0 17.41 0
22101.6  22101.6 0 0 0 0 0 0 17.5077 0
22150.4  22150.4 0 0 0 0 0 0 17.42 0
22202.3  22202.3 0 0 0 0 0 0 17.4435 0
22252.2  22252.2 0 0 0 0 0 0 17.378 0
22301.8  22301.8 0 0 0 0 0 0 17.1944 0
22351.6  22351.6 0 0 0 0 0 0 17.6004 0
22401.6  22401.6 0 0 0 0 0 0 17.4286 0
22451.5  22451.5 0 0 0 0 0 0 17.4292 0
22501.4  22501.4 0 0 0 0 0 0 17.3621 0
22551.5  22551.5 0 0 0 0 0 0 17.5915 0
22600.7  22600.7 0 0 0 0 0 0 17.628 0
22650.5  22650.5 0 0 0 0 0 0 17.538 0
22715.3  22715.3 0 0 0 0 0 0 17.6411 0
22765.2  22765.2 0 0 0 0 0 0 17.0375 0
22815  22815 0 0 0 0 0 0 17.1886 0
22921  22921 0 0 0 0 0 0 17.2103 0
22970.9  22970.9 0 0 0 0 0 0 17.2468 0
23020.8  23020.8 0 0 0 0 0 0 16.8315 0
23070.6  23070.6 0 0 0 0 0 0 17.3308 0
23129.5  23129.5 0 0 0 0 0 0 17.4064 0
23179.4  23179.4 0 0 0 0 0 0 17.1849 0
23228.7  23228.7 0 0 0 0 0 0 17.3149 0
23278.6  23278.6 0 0 0 0 0 0 17.5991 0
23328.4  23328.4 0 0 0 0 0 0 17.5809 0
23378.3  23378.3 0 0 0 0 0 0 17.0301 0
23428.2  23428.2 0 0 0 0 0 0 17.491 0
23477.3  23477.3 0 0 0 0 0 0 17.4368 0
23526.3  23526.3 0 0 0 0 0 0 17.8621 0
23576.2  23576.2 0 0 0 0 0 0 17.1078 0
23626.1  23626.1 0 0 0 0 0 0 17.5153 0
23710.9  23710.9 0 0 0 0 0 0 17.4901 0
23760.7  23760.7 0 0 0 0 0 0 17.4051 0
23811.3  23811.3 0 0 0 0 0 0 17.5818 0
23860.5  23860.5 0 0 0 0 0 0 17.3792 0
23910.3  23910.3 0 0 0 0 0 0 17.1387 0
23960.2  23960.2 0 0 0 0 0 0 17.6675 0
24010.1  24010.1 0 0 0 0 0 0 17.4863 0
24059.9  24059.9 0 0 0 0 0 0 17.5774 0
24109.8  24109.8 0 0 0 0 0 0 17.0933 0
24159.7  24159.7 0 0 0 0 0 0 17.4065 0
24209.5  24209.5 0 0 0 0 0 0 17.4868 0
24259.4  24259.4 0 0 0 0 0 0 17.7034 0
24309.3  24309.3 0 0 0 0 0 0 17.3588 0
24359.1  24359.1 0 0 0 0 0 0 17.0508 0
24409.6  24409.6 0 0 0 0 0 0 17.5087 0
24458.9  24458.9 0 0 0 0 0 0 17.4729 0
24513.8  24513.8 0 0 0 0 0 0 17.4757 0
24563.6  24563.6 0 0 0 0 0 0 17.3819 0
24613.5  24613.5 0 0 0 0 0 0 17.7167 0
24663.3  24663.3 0 0 0 0 0 0 17.8312 0
24713.2  24713.2 0 0 0 0 0 0 17.288 0
24763  24763 0 0 0 0 0 0 17.2175 0
24812.9  24812.9 0 0 0 0 0 0 17.0576 0
24862.8  24862.8 0 0 0 0 0 0 17.3852 0
24912.6  24912.6 0 0 0 0 0 0 17.0831 0
24962.5  24962.5 0 0 0 0 0 0 17.1391 0
25012.4  25012.4 0 0 0 0 0 0 17.6853 0
25062.2  25062.2 0 0 0 0 0 0 17.1779 0
25112.3  25112.3 0 0 0 0 0 0 17.202 0
25162  25162 0 0 0 0 0 0 17.2364 0
25211.9  25211.9 0 0 0 0 0 0 17.3176 0
25261.7  25261.7 0 0 0 0 0 0 17.584 0
25321.5  25321.5 0 0 0 0 0 0 17.2618 0
25371.5  25371.5 0 0 0 0 0 0 17.4911 0
25421.3  25421.3 0 0 0 0 0 0 17.501 0
25471.2  25471.2 0 0 0 0 0 0 17.047 0
25527  25527 0 0 0 0 0 0 17.3053 0
25576.9  25576.9 0 0 0 0 0 0 17.0971 0
25626.7  25626.7 0 0 0 0 0 0 17.4465 0
25676.7  25676.7 0 0 0 0 0 0 17.2608 0
25734.5  25734.5 0 0 0 0 0 0 17.3819 0
25784.3  25784.3 0 0 0 0 0 0 17.2962 0
25834.3  25834.3 0 0 0 0 0 0 17.8075 0
25884.1  25884.1 0 0 0 0 0 0 17.0953 0
25950.9  25950.9 0 0 0 0 0 0 17.6477 0
26000.7  26000.7 0 0 0 0 0 0 17.1674 0
26050.6  26050.6 0 0 0 0 0 0 17.4356 0
26100.7  26100.7 0 0 0 0 0 0 17.4374 0
26153.3  26153.3 0 0 0 0 0 0 17.0314 0
26203.2  26203.2 0 0 0 0 0 0 17.4783 0
26253.2  26253.2 0 0 0 0 0 0 17.3052 0
26346.8  26346.8 0 0 0 0 0 0 17.6007 0
26396.7  26396.7 0 0 0 0 0 0 17.3772 0
26446.6  26446.6 0 0 0 0 0 0 17.6495 0
26496.4  26496.4 0 0 0 0 0 0 17.1492 0
26546.3  26546.3 0 0 0 0 0 0 17.3325 0
26596.7  26596.7 0 0 0 0 0 0 17.4919 0
26646  26646 0 0 0 0 0 0 17.2543 0
26695.9  26695.9 0 0 0 0 0 0 17.0093 0
26745.7  26745.7 0 0 0 0 0 0 17.1458 0
26795.6  26795.6 0 0 0 0 0 0 17.5754 0
26845.5  26845.5 0 0 0 0 0 0 17.2363 0
26901.4  26901.4 0 0 0 0 0 0 17.2743 0
26951.2  26951.2 0 0 0 0 0 0 17.7688 0
27001.1  27001.1 0 0 0 0 0 0 17.348 0
27050.9  27050.9 0 0 0 0 0 0 17.1117 0
27100.8  27100.8 0 0 0 0 0 0 17.5434 0
27150.7  27150.7 0 0 0 0 0 0 17.472 0
27200.5  27200.5 0 0 0 0 0 0 17.4886 0
27250.4  27250.4 0 0 0 0 0 0 17.8797 0
27300.3  27300.3 0 0 0 0 0 0 17.3682 0
27350.1  27350.1 0 0 0 0 0 0 17.8033 0
27400  27400 0 0 0 0 0 0 17.3606 0
27449.9  27449.9 0 0 0 0 0 0 17.4949 0
27525.7  27525.7 0 0 0 0 0 0 17.418 0
27575.5  27575.5 0 0 0 0 0 0 17.33 0
27625.4  27625.4 0 0 0 0 0 0 17.341 0
27675.3  27675.3 0 0 0 0 0 0 17.4025 0
27725.1  27725.1 0 0 0 0 0 0 17.6752 0
27775  27775 0 0 0 0 0 0 17.3438 0
27824.9  27824.9 0 0 0 0 0 0 17.3524 0
27874.7  27874.7 0 0 0 0 0 0 17.8734 0
27924.6  27924.6 0 0 0 0 0 0 17.5546 0
27974.5  27974.5 0 0 0 0 0 0 17.384 0
28038.3  28038.3 0 0 0 0 0 0 17.4649 0
28088.2  28088.2 0 0 0 0 0 0 18.0851 0
28138  28138 0 0 0 0 0 0 17.7563 0
28187.9  28187.9 0 0 0 0 0 0 17.6417 0
28239.7  28239.7 0 0 0 0 0 0 17.6323 0
28289.6  28289.6 0 0 0 0 0 0 17.5158 0
28339.5  28339.5 0 0 0 0 0 0 17.6535 0
28390.1  28390.1 0 0 0 0 0 0 17.5687 0
28441.2  28441.2 0 0 0 0 0 0 17.4882 0
28491.1  28491.1 0 0 0 0 0 0 17.2406 0
28540.9  28540.9 0 0 0 0 0 0 17.5412 0
28590.8  28590.8 0 0 0 0 0 0 17.5443 0
28640.7  28640.7 0 0 0 0 0 0 17.5378 0
28691.7  28691.7 0 0 0 0 0 0 17.6762 0
28741.4  28741.4 0 0 0 0 0 0 17.5675 0
28791.3  28791.3 0 0 0 0 0 0 17.2206 0
28841.1  28841.1 0 0 0 0 0 0 17.3102 0
28912.6  28912.6 0 0 0 0 0 0 17.274 0
28962.8  28962.8 0 0 0 0 0 0 17.4289 0
29012.7  29012.7 0 0 0 0 0 0 17.3679 0
29062.7  29062.7 0 0 0 0 0 0 17.6755 0
29112.4  29112.4 0 0 0 0 0 0 17.1438 0
29163.3  29163.3 0 0 0 0 0 0 17.7671 0
29213.2  29213.2 0 0 0 0 0 0 17.2224 0
29263  29263 0 0 0 0 0 0 17.7104 0
29312.9  29312.9 0 0 0 0 0 0 17.2295 0
29362.7  29362.7 0 0 0 0 0 0 17.1118 0
29412.6  29412.6 0 0 0 0 0 0 17.4508 0
29462.5  29462.5 0 0 0 0 0 0 17.7243 0
29512.4  29512.4 0 0 0 0 0 0 17.2542 0
29562.2  29562.2 0 0 0 0 0 0 17.4521 0
29612.3  29612.3 0 0 0 0 0 0 17.5633 0
29662  29662 0 0 0 0 0 0 17.7586 0
29711.8  29711.8 0 0 0 0 0 0 17.0452 0
29779.6  29779.6 0 0 0 0 0 0 17.839 0
29829.5  29829.5 0 0 0 0 0 0 17.8856 0
29879.4  29879.4 0 0 0 0 0 0 17.5999 0
29929.2  29929.2 0 0 0 0 0 0 17.4088 0
29982.1  29982.1 0 0 0 0 0 0 17.2256 0
30032  30032 0 0 0 0 0 0 17.6251 0
30081.8  30081.8 0 0 0 0 0 0 17.7357 0
30131.7  30131.7 0 0 0 0 0 0 17.5532 0
30181.6  30181.6 0 0 0 0 0 0 17.291 0
30231.4  30231.4 0 0 0 0 0 0 17.6633 0
30281.3  30281.3 0 0 0 0 0 0 17.666 0
30332.2  30332.2 0 0 0 0 0 0 17.3335 0
30382  30382 0 0 0 0 0 0 17.0538 0
30431.9  30431.9 0 0 0 0 0 0 17.63 0
30481.8  30481.8 0 0 0 0 0 0 17.4872 0
30531.6  30531.6 0 0 0 0 0 0 17.0105 0
30586.5  30586.5 0 0 0 0 0 0 17.4415 0
30636.4  30636.4 0 0 0 0 0 0 17.3829 0
30686.2  30686.2 0 0 0 0 0 0 17.6973 0
30736.1  30736.1 0 0 0 0 0 0 17.418 0
30785.9  30785.9 0 0 0 0 0 0 17.5537 0
30835.8  30835.8 0 0 0 0 0 0 17.5209 0
30885.7  30885.7 0 0 0 0 0 0 16.8274 0
30935.5  30935.5 0 0 0 0 0 0 17.2318 0
30986.4  30986.4 0 0 0 0 0 0 17.9291 0
31036.3  31036.3 0 0 0 0 0 0 17.7253 0
31086.1  31086.1 0 0 0 0 0 0 17.5507 0
31136  31136 0 0 0 0 0 0 17.4326 0
31185.9  31185.9 0 0 0 0 0 0 17.8365 0
31235.7  31235.7 0 0 0 0 0 0 17.5667 0
31285.7  31285.7 0 0 0 0 0 0 17.6014 0
31335.5  31335.5 0 0 0 0 0 0 17.6803 0
31385.4  31385.4 0 0 0 0 0 0 17.515 0
31435.2  31435.2 0 0 0 0 0 0 17.5145 0
31485.1  31485.1 0 0 0 0 0 0 17.4271 0
31534.9  31534.9 0 0 0 0 0 0 17.2164 0
31597.8  31597.8 0 0 0 0 0 0 17.4581 0
31647.7  31647.7 0 0 0 0 0 0 17.6826 0
31697.5  31697.5 0 0 0 0 0 0 17.2705 0
31747.4  31747.4 0 0 0 0 0 0 17.5151 0
31797.2  31797.2 0 0 0 0 0 0 17.2147 0
31849.1  31849.1 0 0 0 0 0 0 17.5981 0
31899  31899 0 0 0 0 0 0 17.4745 0
31948.8  31948.8 0 0 0 0 0 0 17.5742 0
31998.7  31998.7 0 0 0 0 0 0 17.7356 0
32051.6  32051.6 0 0 0 0 0 0 17.1796 0
32101.4  32101.4 0 0 0 0 0 0 17.9081 0
32151.3  32151.3 0 0 0 0 0 0 17.5115 0
32201.2  32201.2 0 0 0 0 0 0 17.3782 0
32252  32252 0 0 0 0 0 0 17.8607 0
32301.9  32301.9 0 0 0 0 0 0 17.3419 0
32351.8  32351.8 0 0 0 0 0 0 17.4255 0
32401.6  32401.6 0 0 0 0 0 0 17.4976 0
32454.5  32454.5 0 0 0 0 0 0 17.2599 0
32504.4  32504.4 0 0 0 0 0 0 17.1891 0
32554.2  32554.2 0 0 0 0 0 0 17.8566 0
32604.1  32604.1 0 0 0 0 0 0 17.7178 0
32654  32654 0 0 0 0 0 0 17.7318 0
32703.8  32703.8 0 0 0 0 0 0 17.7058 0
32753.7  32753.7 0 0 0 0 0 0 17.6683 0
32803.6  32803.6 0 0 0 0 0 0 17.7083 0
32853.4  32853.4 0 0 0 0 0 0 17.334 0
32903.3  32903.3 0 0 0 0 0 0 17.0622 0
32953.2  32953.2 0 0 0 0 0 0 17.4435 0
33003  33003 0 0 0 0 0 0 17.384 0
33052.9  33052.9 0 0 0 0 0 0 17.5639 0
33102.9  33102.9 0 0 0 0 0 0 17.4949 0
33152.7  33152.7 0 0 0 0 0 0 17.8237 0
33202.6  33202.6 0 0 0 0 0 0 17.6297 0
33252.4  33252.4 0 0 0 0 0 0 17.5609 0
33302.2  33302.2 0 0 0 0 0 0 17.5311 0
33352.1  33352.1 0 0 0 0 0 0 17.4985 0
33402  33402 0 0 0 0 0 0 17.3388 0
33451.8  33451.8 0 0 0 0 0 0 17.721 0
33501.7  33501.7 0 0 0 0 0 0 17.3591 0
33564.5  33564.5 0 0 0 0 0 0 17.4125 0
33614.4  33614.4 0 0 0 0 0 0 17.4128 0
33664.3  33664.3 0 0 0 0 0 0 17.8409 0
33714.1  33714.1 0 0 0 0 0 0 17.4338 0
33764  33764 0 0 0 0 0 0 17.5256 0
33814  33814 0 0 0 0 0 0 17.4072 0
33863.7  33863.7 0 0 0 0 0 0 17.4935 0
33913.7  33913.7 0 0 0 0 0 0 17.3474 0
33975.4  33975.4 0 0 0 0 0 0 17.6486 0
34025.3  34025.3 0 0 0 0 0 0 17.4451 0
34075.2  34075.2 0 0 0 0 0 0 17.2882 0
34125  34125 0 0 0 0 0 0 17.294 0
34178.9  34178.9 0 0 0 0 0 0 17.4064 0
34228.7  34228.7 0 0 0 0 0 0 17.2395 0
34278.6  34278.6 0 0 0 0 0 0 17.513 0
34328.5  34328.5 0 0 0 0 0 0 17.2868 0
34378.3  34378.3 0 0 0 0 0 0 17.9391 0
34428.2  34428.2 0 0 0 0 0 0 17.5226 0
34478.1  34478.1 0 0 0 0 0 0 17.4842 0
34527.9  34527.9 0 0 0 0 0 0 17.2793 0
34577.8  34577.8 0 0 0 0 0 0 17.9704 0
34627.7  34627.7 0 0 0 0 0 0 17.8397 0
34677.6  34677.6 0 0 0 0 0 0 17.6563 0
34730.3  34730.3 0 0 0 0 0 0 17.3887 0
34780.3  34780.3 0 0 0 0 0 0 17.5562 0
34830.1  34830.1 0 0 0 0 0 0 17.92 0
34880  34880 0 0 0 0 0 0 17.59 0
34929.9  34929.9 0 0 0 0 0 0 17.8966 0
34979.7  34979.7 0 0 0 0 0 0 17.4844 0
35029.6  35029.6 0 0 0 0 0 0 17.8527 0
35079.5  35079.5 0 0 0 0 0 0 17.6568 0
35129.3  35129.3 0 0 0 0 0 0 17.5073 0
35179.2  35179.2 0 0 0 0 0 0 17.6472 0
35229.1  35229.1 0 0 0 0 0 0 17.648 0
35278.9  35278.9 0 0 0 0 0 0 17.9303 0
35328.8  35328.8 0 0 0 0 0 0 17.7638 0
35378.7  35378.7 0 0 0 0 0 0 17.6353 0
35428.5  35428.5 0 0 0 0 0 0 17.7645 0
35505.4  35505.4 0 0 0 0 0 0 17.7867 0
35555.2  35555.2 0 0 0 0 0 0 17.4745 0
35605.1  35605.1 0 0 0 0 0 0 17.3319 0
35656.1  35656.1 0 0 0 0 0 0 17.4464 0
35709.8  35709.8 0 0 0 0 0 0 17.4711 0
35759.7  35759.7 0 0 0 0 0 0 17.4684 0
35809.6  35809.6 0 0 0 0 0 0 17.4285 0
35859.4  35859.4 0 0 0 0 0 0 17.7021 0
35909.3  35909.3 0 0 0 0 0 0 17.6707 0
35959.1  35959.1 0 0 0 0 0 0 17.5187 0
36009  36009 0 0 0 0 0 0 17.604 0
36059  36059 0 0 0 0 0 0 17.5864 0
36108.7  36108.7 0 0 0 0 0 0 17.8602 0
36158.6  36158.6 0 0 0 0 0 0 17.4917 0
36208.5  36208.5 0 0 0 0 0 0 17.7934 0
36258.3  36258.3 0 0 0 0 0 0 17.8748 0
36310.2  36310.2 0 0 0 0 0 0 17.6896 0
36360.1  36360.1 0 0 0 0 0 0 17.4763 0
36409.9  36409.9 0 0 0 0 0 0 17.0861 0
36479.7  36479.7 0 0 0 0 0 0 17.851 0
36529.6  36529.6 0 0 0 0 0 0 17.7276 0
36579.5  36579.5 0 0 0 0 0 0 17.6193 0
36629.3  36629.3 0 0 0 0 0 0 17.6504 0
36679.2  36679.2 0 0 0 0 0 0 17.865 0
36729.1  36729.1 0 0 0 0 0 0 17.9328 0
36778.9  36778.9 0 0 0 0 0 0 17.6347 0
36828.8  36828.8 0 0 0 0 0 0 17.4396 0
36878.7  36878.7 0 0 0 0 0 0 17.9602 0
36928.5  36928.5 0 0 0 0 0 0 17.6925 0
36978.4  36978.4 0 0 0 0 0 0 17.6052 0
37028.3  37028.3 0 0 0 0 0 0 17.8052 0
37078.2  37078.2 0 0 0 0 0 0 17.2628 0
37128  37128 0 0 0 0 0 0 17.6918 0
37177.9  37177.9 0 0 0 0 0 0 17.7866 0
37227.7  37227.7 0 0 0 0 0 0 17.8614 0
37277.6  37277.6 0 0 0 0 0 0 17.6507 0
37327.5  37327.5 0 0 0 0 0 0 17.9298 0
37377.9  37377.9 0 0 0 0 0 0 17.5901 0
37427.2  37427.2 0 0 0 0 0 0 17.7072 0
37477.1  37477.1 0 0 0 0 0 0 17.5563 0
37526.9  37526.9 0 0 0 0 0 0 17.4425 0
37576.8  37576.8 0 0 0 0 0 0 17.8515 0
37626.7  37626.7 0 0 0 0 0 0 17.3016 0
37679.5  37679.5 0 0 0 0 0 0 18.0694 0
37729.4  37729.4 0 0 0 0 0 0 17.2262 0
37779.3  37779.3 0 0 0 0 0 0 17.9597 0
37829.1  37829.1 0 0 0 0 0 0 17.3058 0
37879  37879 0 0 0 0 0 0 17.7699 0
37928.9  37928.9 0 0 0 0 0 0 17.4753 0
37978.8  37978.8 0 0 0 0 0 0 17.9912 0
38028.6  38028.6 0 0 0 0 0 0 17.5055 0
38078.5  38078.5 0 0 0 0 0 0 17.8705 0
38128.3  38128.3 0 0 0 0 0 0 17.6643 0
38178.2  38178.2 0 0 0 0 0 0 17.726 0
38228.1  38228.1 0 0 0 0 0 0 17.6706 0
38277.9  38277.9 0 0 0 0 0 0 17.5497 0
38327.8  38327.8 0 0 0 0 0 0 17.7787 0
38377.7  38377.7 0 0 0 0 0 0 17.3953 0
38430.5  38430.5 0 0 0 0 0 0 17.3998 0
38480.4  38480.4 0 0 0 0 0 0 17.5584 0
38530.5  38530.5 0 0 0 0 0 0 17.6666 0
38580.2  38580.2 0 0 0 0 0 0 17.7593 0
38647.9  38647.9 0 0 0 0 0 0 17.228 0
38697.8  38697.8 0 0 0 0 0 0 17.4255 0
38747.7  38747.7 0 0 0 0 0 0 17.4143 0
38797.5  38797.5 0 0 0 0 0 0 17.4784 0
38848.5  38848.5 0 0 0 0 0 0 17.6505 0
38898.3  38898.3 0 0 0 0 0 0 18.054 0
38948.1  38948.1 0 0 0 0 0 0 17.6843 0
38998  38998 0 0 0 0 0 0 17.4483 0
39051.3  39051.3 0 0 0 0 0 0 17.5849 0
39100.7  39100.7 0 0 0 0 0 0 17.5061 0
39150.6  39150.6 0 0 0 0 0 0 17.698 0
39200.5  39200.5 0 0 0 0 0 0 17.7253 0
39250.3  39250.3 0 0 0 0 0 0 17.6676 0
39313.2  39313.2 0 0 0 0 0 0 17.6767 0
39363.1  39363.1 0 0 0 0 0 0 17.6615 0
39412.9  39412.9 0 0 0 0 0 0 17.9925 0
39462.8  39462.8 0 0 0 0 0 0 17.7168 0
39515.6  39515.6 0 0 0 0 0 0 17.711 0
39565.7  39565.7 0 0 0 0 0 0 17.6423 0
39615.3  39615.3 0 0 0 0 0 0 17.796 0
39665.2  39665.2 0 0 0 0 0 0 17.8846 0
39725.1  39725.1 0 0 0 0 0 0 17.9047 0
39774.9  39774.9 0 0 0 0 0 0 17.6646 0
39824.8  39824.8 0 0 0 0 0 0 17.6945 0
39874.7  39874.7 0 0 0 0 0 0 17.5624 0
39935.5  39935.5 0 0 0 0 0 0 17.8459 0
39985.4  39985.4 0 0 0 0 0 0 17.5715 0
40035.2  40035.2 0 0 0 0 0 0 17.7666 0
40085.1  40085.1 0 0 0 0 0 0 17.9565 0
40138  40138 0 0 0 0 0 0 17.541 0
40187.9  40187.9 0 0 0 0 0 0 17.729 0
40237.7  40237.7 0 0 0 0 0 0 17.4738 0
40287.6  40287.6 0 0 0 0 0 0 17.5707 0
40337.4  40337.4 0 0 0 0 0 0 17.632 0
40391.3  40391.3 0 0 0 0 0 0 17.2741 0
40441.1  40441.1 0 0 0 0 0 0 18.1434 0
40491  40491 0 0 0 0 0 0 17.6487 0
40540.9  40540.9 0 0 0 0 0 0 17.8192 0
40590.7  40590.7 0 0 0 0 0 0 18.0204 0
40640.6  40640.6 0 0 0 0 0 0 17.9859 0
40690.5  40690.5 0 0 0 0 0 0 18.1245 0
40740.3  40740.3 0 0 0 0 0 0 17.9211 0
40790.2  40790.2 0 0 0 0 0 0 17.3062 0
40840.1  40840.1 0 0 0 0 0 0 17.6499 0
40889.9  40889.9 0 0 0 0 0 0 17.8503 0
40939.8  40939.8 0 0 0 0 0 0 17.8273 0
40990.7  40990.7 0 0 0 0 0 0 17.4254 0
41040.5  41040.5 0 0 0 0 0 0 17.7045 0
41090.4  41090.4 0 0 0 0 0 0 17.2933 0
41140.3  41140.3 0 0 0 0 0 0 17.4577 0
41190.1  41190.1 0 0 0 0 0 0 17.5864 0
41240  41240 0 0 0 0 0 0 17.702 0
41289.9  41289.9 0 0 0 0 0 0 17.9484 0
41339.8  41339.8 0 0 0 0 0 0 17.8927 0
41389.6  41389.6 0 0 0 0 0 0 17.7463 0
41439.5  41439.5 0 0 0 0 0 0 17.8023 0
41489.3  41489.3 0 0 0 0 0 0 17.7107 0
41539.2  41539.2 0 0 0 0 0 0 17.8263 0
41592.1  41592.1 0 0 0 0 0 0 17.8766 0
41642  41642 0 0 0 0 0 0 18.0705 0
41691.8  41691.8 0 0 0 0 0 0 17.7715 0
41741.7  41741.7 0 0 0 0 0 0 17.6977 0
41791.5  41791.5 0 0 0 0 0 0 17.9637 0
41841.4  41841.4 0 0 0 0 0 0 17.8434 0
41891.3  41891.3 0 0 0 0 0 0 17.5342 0
41941.1  41941.1 0 0 0 0 0 0 18.0584 0
41992.1  41992.1 0 0 0 0 0 0 17.7602 0
42041.9  42041.9 0 0 0 0 0 0 17.8703 0
42091.9  42091.9 0 0 0 0 0 0 17.9154 0
42143.6  42143.6 0 0 0 0 0 0 17.5431 0
42193.5  42193.5 0 0 0 0 0 0 17.7213 0
42243.3  42243.3 0 0 0 0 0 0 17.8148 0
42293.2  42293.2 0 0 0 0 0 0 17.6818 0
42366  42366 0 0 0 0 0 0 17.9746 0
42415.9  42415.9 0 0 0 0 0 0 17.3848 0
42465.7  42465.7 0 0 0 0 0 0 17.3476 0
42515.6  42515.6 0 0 0 0 0 0 18.157 0
42566.5  42566.5 0 0 0 0 0 0 17.7977 0
42616.3  42616.3 0 0 0 0 0 0 17.4804 0
42666.2  42666.2 0 0 0 0 0 0 17.8229 0
42716.2  42716.2 0 0 0 0 0 0 17.6648 0
42768.2  42768.2 0 0 0 0 0 0 17.5884 0
42817.8  42817.8 0 0 0 0 0 0 17.7807 0
42867.7  42867.7 0 0 0 0 0 0 17.8841 0
42922.3  42922.3 0 0 0 0 0 0 18.0437 0
42974.4  42974.4 0 0 0 0 0 0 18.0822 0
43024.2  43024.2 0 0 0 0 0 0 17.6653 0
43074.1  43074.1 0 0 0 0 0 0 17.5256 0
43124.4  43124.4 0 0 0 0 0 0 17.6696 0
43173.8  43173.8 0 0 0 0 0 0 17.84 0
43223.7  43223.7 0 0 0 0 0 0 17.8044 0
43273.6  43273.6 0 0 0 0 0 0 17.9057 0
43323.4  43323.4 0 0 0 0 0 0 17.8718 0
43373.4  43373.4 0 0 0 0 0 0 17.8597 0
43424.2  43424.2 0 0 0 0 0 0 17.8673 0
43474.1  43474.1 0 0 0 0 0 0 17.6274 0
43523.9  43523.9 0 0 0 0 0 0 17.6485 0
43573.8  43573.8 0 0 0 0 0 0 17.8117 0
43645.6  43645.6 0 0 0 0 0 0 17.9113 0
43695.4  43695.4 0 0 0 0 0 0 17.4213 0
43745.3  43745.3 0 0 0 0 0 0 17.9269 0
43795.2  43795.2 0 0 0 0 0 0 18.1443 0
43860  43860 0 0 0 0 0 0 17.663 0
43909.9  43909.9 0 0 0 0 0 0 17.8224 0
43959.7  43959.7 0 0 0 0 0 0 17.8741 0
44009.6  44009.6 0 0 0 0 0 0 18.2056 0
44059.5  44059.5 0 0 0 0 0 0 17.9058 0
44109.3  44109.3 0 0 0 0 0 0 17.4487 0
44165.2  44165.2 0 0 0 0 0 0 18.1646 0
44215.1  44215.1 0 0 0 0 0 0 17.4428 0
44264.9  44264.9 0 0 0 0 0 0 17.5238 0
44314.8  44314.8 0 0 0 0 0 0 17.7773 0
44364.6  44364.6 0 0 0 0 0 0 17.6173 0
44414.5  44414.5 0 0 0 0 0 0 17.4611 0
44464.4  44464.4 0 0 0 0 0 0 17.8161 0
44514.3  44514.3 0 0 0 0 0 0 17.6152 0
44576.1  44576.1 0 0 0 0 0 0 17.3953 0
44626  44626 0 0 0 0 0 0 17.9873 0
44675.8  44675.8 0 0 0 0 0 0 17.953 0
44725.7  44725.7 0 0 0 0 0 0 17.7639 0
44781.5  44781.5 0 0 0 0 0 0 18.1135 0
44831.4  44831.4 0 0 0 0 0 0 17.9771 0
44881.3  44881.3 0 0 0 0 0 0 17.9449 0
44931.1  44931.1 0 0 0 0 0 0 17.8622 0
44981  44981 0 0 0 0 0 0 17.6913 0
45033.9  45033.9 0 0 0 0 0 0 17.6168 0
45084  45084 0 0 0 0 0 0 17.939 0
45133.6  45133.6 0 0 0 0 0 0 17.8087 0
45183.5  45183.5 0 0 0 0 0 0 18.1557 0
45233.3  45233.3 0 0 0 0 0 0 17.649 0
45283.2  45283.2 0 0 0 0 0 0 17.8645 0
45333.8  45333.8 0 0 0 0 0 0 17.4068 0
45386.9  45386.9 0 0 0 0 0 0 17.6855 0
45436.8  45436.8 0 0 0 0 0 0 18.3373 0
45486.7  45486.7 0 0 0 0 0 0 17.8427 0
45536.7  45536.7 0 0 0 0 0 0 18.4233 0
45589.4  45589.4 0 0 0 0 0 0 17.6212 0
45639.3  45639.3 0 0 0 0 0 0 17.728 0
45689.1  45689.1 0 0 0 0 0 0 18.1037 0
45739  45739 0 0 0 0 0 0 17.7924 0
45793.8  45793.8 0 0 0 0 0 0 17.8237 0
45843.7  45843.7 0 0 0 0 0 0 17.9208 0
45893.6  45893.6 0 0 0 0 0 0 18.158 0
45943.4  45943.4 0 0 0 0 0 0 17.8879 0
45998.3  45998.3 0 0 0 0 0 0 18.0522 0
46048.2  46048.2 0 0 0 0 0 0 17.8808 0
46098  46098 0 0 0 0 0 0 17.793 0
46147.9  46147.9 0 0 0 0 0 0 17.5248 0
46197.8  46197.8 0 0 0 0 0 0 17.7339 0
46247.6  46247.6 0 0 0 0 0 0 17.5151 0
46297.5  46297.5 0 0 0 0 0 0 17.9781 0
46347.4  46347.4 0 0 0 0 0 0 17.7276 0
46397.2  46397.2 0 0 0 0 0 0 17.762 0
46447.1  46447.1 0 0 0 0 0 0 18.1289 0
46497  46497 0 0 0 0 0 0 17.945 0
46546.8  46546.8 0 0 0 0 0 0 17.9511 0
46596.7  46596.7 0 0 0 0 0 0 18.0579 0
46646.6  46646.6 0 0 0 0 0 0 17.7806 0
46696.4  46696.4 0 0 0 0 0 0 17.6917 0
46747.3  46747.3 0 0 0 0 0 0 17.7241 0
46797.1  46797.1 0 0 0 0 0 0 17.7527 0
46847.1  46847.1 0 0 0 0 0 0 17.7332 0
46896.9  46896.9 0 0 0 0 0 0 17.739 0
46958.7  46958.7 0 0 0 0 0 0 18.0104 0
47008.6  47008.6 0 0 0 0 0 0 17.7258 0
47058.5  47058.5 0 0 0 0 0 0 17.675 0
47108.3  47108.3 0 0 0 0 0 0 17.6104 0
47174.1  47174.1 0 0 0 0 0 0 18.1051 0
47224.2  47224.2 0 0 0 0 0 0 17.5058 0
47273.9  47273.9 0 0 0 0 0 0 17.9551 0
47323.8  47323.8 0 0 0 0 0 0 17.6641 0
47373.6  47373.6 0 0 0 0 0 0 18.0876 0
47423.5  47423.5 0 0 0 0 0 0 17.9193 0
47473.3  47473.3 0 0 0 0 0 0 17.6352 0
47523.2  47523.2 0 0 0 0 0 0 17.7831 0
47577.1  47577.1 0 0 0 0 0 0 17.2686 0
47626.9  47626.9 0 0 0 0 0 0 17.5148 0
47676.8  47676.8 0 0 0 0 0 0 17.9815 0
47726.7  47726.7 0 0 0 0 0 0 17.8594 0
47779.5  47779.5 0 0 0 0 0 0 17.5232 0
47829.4  47829.4 0 0 0 0 0 0 17.9264 0
47879.3  47879.3 0 0 0 0 0 0 17.6967 0
47929.2  47929.2 0 0 0 0 0 0 18.0492 0
47979  47979 0 0 0 0 0 0 17.7038 0
48028.9  48028.9 0 0 0 0 0 0 17.6736 0
48084.2  48084.2 0 0 0 0 0 0 17.5678 0
48133.6  48133.6 0 0 0 0 0 0 17.8897 0
48184.4  48184.4 0 0 0 0 0 0 17.9708 0
48234.3  48234.3 0 0 0 0 0 0 17.8895 0
48284.2  48284.2 0 0 0 0 0 0 17.9382 0
48334.1  48334.1 0 0 0 0 0 0 18.123 0
48398.9  48398.9 0 0 0 0 0 0 17.9253 0
48448.7  48448.7 0 0 0 0 0 0 17.6226 0
48498.6  48498.6 0 0 0 0 0 0 17.6625 0
48548.5  48548.5 0 0 0 0 0 0 17.6707 0
48601.3  48601.3 0 0 0 0 0 0 17.4974 0
48651.2  48651.2 0 0 0 0 0 0 17.605 0
48701.6  48701.6 0 0 0 0 0 0 18.1016 0
48750.9  48750.9 0 0 0 0 0 0 17.761 0
48802.8  48802.8 0 0 0 0 0 0 17.7586 0
48852.7  48852.7 0 0 0 0 0 0 18.3238 0
48902.5  48902.5 0 0 0 0 0 0 17.7929 0
48952.4  48952.4 0 0 0 0 0 0 18.0886 0
49006.2  49006.2 0 0 0 0 0 0 18.0111 0
49056.2  49056.2 0 0 0 0 0 0 17.5405 0
49106  49106 0 0 0 0 0 0 18.2341 0
49155.9  49155.9 0 0 0 0 0 0 17.9174 0
49205.7  49205.7 0 0 0 0 0 0 18.4297 0
49255.6  49255.6 0 0 0 0 0 0 17.5636 0
49305.4  49305.4 0 0 0 0 0 0 17.8671 0
49355.3  49355.3 0 0 0 0 0 0 18.1892 0
49405.2  49405.2 0 0 0 0 0 0 17.7279 0
49455  49455 0 0 0 0 0 0 17.8116 0
49504.9  49504.9 0 0 0 0 0 0 17.8348 0
49555  49555 0 0 0 0 0 0 17.8939 0
49604.6  49604.6 0 0 0 0 0 0 17.8134 0
49654.5  49654.5 0 0 0 0 0 0 17.9754 0
49704.4  49704.4 0 0 0 0 0 0 17.8981 0
49754.2  49754.2 0 0 0 0 0 0 18.1565 0
49804.9  49804.9 0 0 0 0 0 0 18.0788 0
49855  49855 0 0 0 0 0 0 17.8231 0
49904.9  49904.9 0 0 0 0 0 0 17.9431 0
49954.7  49954.7 0 0 0 0 0 0 17.5508 0
50004.6  50004.6 0 0 0 0 0 0 17.5936 0
50054.4  50054.4 0 0 0 0 0 0 17.8814 0
50104.3  50104.3 0 0 0 0 0 0 18.0788 0
50154.2  50154.2 0 0 0 0 0 0 17.5355 0
50204  50204 0 0 0 0 0 0 17.9122 0
50253.9  50253.9 0 0 0 0 0 0 18.0707 0
50303.8  50303.8 0 0 0 0 0 0 17.9668 0
50353.6  50353.6 0 0 0 0 0 0 18.2224 0
50403.5  50403.5 0 0 0 0 0 0 17.9636 0
50453.4  50453.4 0 0 0 0 0 0 18.13 0
50503.2  50503.2 0 0 0 0 0 0 17.6689 0
50553.1  50553.1 0 0 0 0 0 0 17.8257 0
50603  50603 0 0 0 0 0 0 17.8298 0
50652.8  50652.8 0 0 0 0 0 0 17.761 0
50702.7  50702.7 0 0 0 0 0 0 18.0361 0
50752.6  50752.6 0 0 0 0 0 0 18.1551 0
50802.4  50802.4 0 0 0 0 0 0 18.0568 0
50852.4  50852.4 0 0 0 0 0 0 17.9492 0
50902.2  50902.2 0 0 0 0 0 0 17.9359 0
50952  50952 0 0 0 0 0 0 17.9894 0
51001.9  51001.9 0 0 0 0 0 0 18.1121 0
51051.8  51051.8 0 0 0 0 0 0 17.5857 0
51101.6  51101.6 0 0 0 0 0 0 18.1053 0
51151.5  51151.5 0 0 0 0 0 0 17.7994 0
51201.4  51201.4 0 0 0 0 0 0 17.7618 0
51251.2  51251.2 0 0 0 0 0 0 18.1383 0
51301.1  51301.1 0 0 0 0 0 0 17.836 0
51351  51351 0 0 0 0 0 0 18.1056 0
51400.8  51400.8 0 0 0 0 0 0 17.9762 0
51450.7  51450.7 0 0 0 0 0 0 17.8632 0
51500.6  51500.6 0 0 0 0 0 0 17.953 0
51550.5  51550.5 0 0 0 0 0 0 18.0137 0
51600.3  51600.3 0 0 0 0 0 0 17.9355 0
51650.2  51650.2 0 0 0 0 0 0 17.6895 0
51700.7  51700.7 0 0 0 0 0 0 17.3947 0
51750.9  51750.9 0 0 0 0 0 0 18.4023 0
51800.8  51800.8 0 0 0 0 0 0 18.1537 0
51850.7  51850.7 0 0 0 0 0 0 18.113 0
51900.5  51900.5 0 0 0 0 0 0 17.8424 0
51950.4  51950.4 0 0 0 0 0 0 17.6624 0
52000.3  52000.3 0 0 0 0 0 0 18.3033 0
52050.1  52050.1 0 0 0 0 0 0 17.731 0
52100  52100 0 0 0 0 0 0 18.1604 0
52149.8  52149.8 0 0 0 0 0 0 18.1499 0
52199.7  52199.7 0 0 0 0 0 0 18.191 0
52249.6  52249.6 0 0 0 0 0 0 17.9523 0
52299.4  52299.4 0 0 0 0 0 0 18.1996 0
52349.3  52349.3 0 0 0 0 0 0 17.9259 0
52399.2  52399.2 0 0 0 0 0 0 17.7915 0
52449.1  52449.1 0 0 0 0 0 0 17.8976 0
52498.9  52498.9 0 0 0 0 0 0 17.9231 0
52548.8  52548.8 0 0 0 0 0 0 18.2896 0
52598.7  52598.7 0 0 0 0 0 0 17.7456 0
52648.5  52648.5 0 0 0 0 0 0 17.7479 0
52698.4  52698.4 0 0 0 0 0 0 18.0968 0
52748.2  52748.2 0 0 0 0 0 0 17.7468 0
52798.1  52798.1 0 0 0 0 0 0 18.3881 0
52848  52848 0 0 0 0 0 0 17.909 0
52897.9  52897.9 0 0 0 0 0 0 17.9806 0
52947.7  52947.7 0 0 0 0 0 0 18.1668 0
52997.6  52997.6 0 0 0 0 0 0 17.8309 0
53047.4  53047.4 0 0 0 0 0 0 18.2112 0
53100.5  53100.5 0 0 0 0 0 0 17.733 0
53150.2  53150.2 0 0 0 0 0 0 17.5604 0
53200  53200 0 0 0 0 0 0 17.8873 0
53249.9  53249.9 0 0 0 0 0 0 17.9617 0
53299.8  53299.8 0 0 0 0 0 0 17.9078 0
53349.6  53349.6 0 0 0 0 0 0 18.0981 0
53399.5  53399.5 0 0 0 0 0 0 18.2339 0
53449.4  53449.4 0 0 0 0 0 0 18.0838 0
53499.2  53499.2 0 0 0 0 0 0 18.0457 0
53549.1  53549.1 0 0 0 0 0 0 17.9096 0
53599  53599 0 0 0 0 0 0 17.9108 0
53648.9  53648.9 0 0 0 0 0 0 17.5852 0
53698.7  53698.7 0 0 0 0 0 0 17.9666 0
53748.6  53748.6 0 0 0 0 0 0 17.6936 0
53798.4  53798.4 0 0 0 0 0 0 17.9901 0
53848.3  53848.3 0 0 0 0 0 0 17.9957 0
53898.2  53898.2 0 0 0 0 0 0 18.4138 0
53948  53948 0 0 0 0 0 0 17.8652 0
53997.9  53997.9 0 0 0 0 0 0 17.7036 0
54047.8  54047.8 0 0 0 0 0 0 17.7245 0
54097.6  54097.6 0 0 0 0 0 0 17.8476 0
54147.6  54147.6 0 0 0 0 0 0 18.3302 0
54197.4  54197.4 0 0 0 0 0 0 18.4712 0
54247.2  54247.2 0 0 0 0 0 0 17.8242 0
54297.1  54297.1 0 0 0 0 0 0 17.8906 0
54347  54347 0 0 0 0 0 0 18.2015 0
54396.8  54396.8 0 0 0 0 0 0 18.3889 0
54446.7  54446.7 0 0 0 0 0 0 18.039 0
54496.6  54496.6 0 0 0 0 0 0 18.2495 0
54546.5  54546.5 0 0 0 0 0 0 18.1279 0
54596.4  54596.4 0 0 0 0 0 0 18.1736 0
54646.2  54646.2 0 0 0 0 0 0 18.1469 0
54696.1  54696.1 0 0 0 0 0 0 17.9869 0
54745.9  54745.9 0 0 0 0 0 0 17.9916 0
54795.8  54795.8 0 0 0 0 0 0 18.1297 0
54845.6  54845.6 0 0 0 0 0 0 18.0356 0
54895.5  54895.5 0 0 0 0 0 0 18.0061 0
54945.4  54945.4 0 0 0 0 0 0 17.9247 0
54995.3  54995.3 0 0 0 0 0 0 18.0042 0
55045.1  55045.1 0 0 0 0 0 0 17.9189 0
55095  55095 0 0 0 0 0 0 18.5021 0
55144.8  55144.8 0 0 0 0 0 0 17.7307 0
55194.8  55194.8 0 0 0 0 0 0 17.9086 0
55244.6  55244.6 0 0 0 0 0 0 17.8345 0
55294.4  55294.4 0 0 0 0 0 0 18.1044 0
55344.3  55344.3 0 0 0 0 0 0 17.8176 0
55394.2  55394.2 0 0 0 0 0 0 17.7889 0
55444.1  55444.1 0 0 0 0 0 0 17.9428 0
55493.9  55493.9 0 0 0 0 0 0 18.1407 0
55543.9  55543.9 0 0 0 0 0 0 18.114 0
55593.7  55593.7 0 0 0 0 0 0 17.8503 0
55643.5  55643.5 0 0 0 0 0 0 17.9701 0
55693.4  55693.4 0 0 0 0 0 0 18.0519 0
55743.2  55743.2 0 0 0 0 0 0 18.4225 0
55793.1  55793.1 0 0 0 0 0 0 18.2675 0
55843  55843 0 0 0 0 0 0 17.7304 0
55892.8  55892.8 0 0 0 0 0 0 18.534 0
55942.7  55942.7 0 0 0 0 0 0 17.815 0
55992.6  55992.6 0 0 0 0 0 0 18.1893 0
56042.4  56042.4 0 0 0 0 0 0 18.003 0
56092.4  56092.4 0 0 0 0 0 0 17.7307 0
56142.2  56142.2 0 0 0 0 0 0 17.572 0
56192.1  56192.1 0 0 0 0 0 0 18.052 0
56241.9  56241.9 0 0 0 0 0 0 18.2557 0
56291.8  56291.8 0 0 0 0 0 0 18.0864 0
56341.6  56341.6 0 0 0 0 0 0 18.3983 0
56391.5  56391.5 0 0 0 0 0 0 18.333 0
56441.4  56441.4 0 0 0 0 0 0 18.0197 0
56491.2  56491.2 0 0 0 0 0 0 17.9519 0
56541.1  56541.1 0 0 0 0 0 0 18.1936 0
56591.1  56591.1 0 0 0 0 0 0 17.5176 0
56640.8  56640.8 0 0 0 0 0 0 17.7735 0
56690.7  56690.7 0 0 0 0 0 0 17.7554 0
56740.6  56740.6 0 0 0 0 0 0 17.9055 0
56790.4  56790.4 0 0 0 0 0 0 17.8633 0
56840.3  56840.3 0 0 0 0 0 0 18.5133 0
56890.2  56890.2 0 0 0 0 0 0 17.6902 0
56940  56940 0 0 0 0 0 0 17.8607 0
56989.9  56989.9 0 0 0 0 0 0 17.8664 0
57039.8  57039.8 0 0 0 0 0 0 17.95 0
57089.6  57089.6 0 0 0 0 0 0 18.0422 0
57139.5  57139.5 0 0 0 0 0 0 18.3621 0
57189.5  57189.5 0 0 0 0 0 0 17.9951 0
57239.3  57239.3 0 0 0 0 0 0 18.0289 0
57289.1  57289.1 0 0 0 0 0 0 17.9493 0
57339  57339 0 0 0 0 0 0 18.2077 0
57388.9  57388.9 0 0 0 0 0 0 18.3843 0
57438.7  57438.7 0 0 0 0 0 0 18.2029 0
57488.6  57488.6 0 0 0 0 0 0 18.0183 0
57538.5  57538.5 0 0 0 0 0 0 18.1556 0
57588.3  57588.3 0 0 0 0 0 0 18.0037 0
57638.7  57638.7 0 0 0 0 0 0 17.8634 0
57688.1  57688.1 0 0 0 0 0 0 17.7439 0
57738  57738 0 0 0 0 0 0 18.16 0
57787.8  57787.8 0 0 0 0 0 0 18.0866 0
57837.6  57837.6 0 0 0 0 0 0 18.2094 0
57887.5  57887.5 0 0 0 0 0 0 17.9097 0
57937.4  57937.4 0 0 0 0 0 0 18.0106 0
57987.2  57987.2 0 0 0 0 0 0 18.159 0
58037.1  58037.1 0 0 0 0 0 0 17.9435 0
58087  58087 0 0 0 0 0 0 17.938 0
58136.9  58136.9 0 0 0 0 0 0 18.0122 0
58186.7  58186.7 0 0 0 0 0 0 18.1391 0
58236.6  58236.6 0 0 0 0 0 0 18.131 0
58286.5  58286.5 0 0 0 0 0 0 18.1515 0
58336.3  58336.3 0 0 0 0 0 0 17.7873 0
58386.2  58386.2 0 0 0 0 0 0 18.1311 0
58436.1  58436.1 0 0 0 0 0 0 18.5376 0
58485.9  58485.9 0 0 0 0 0 0 18.0729 0
58535.9  58535.9 0 0 0 0 0 0 17.6979 0
58585.6  58585.6 0 0 0 0 0 0 18.6714 0
58635.5  58635.5 0 0 0 0 0 0 17.672 0
58685.4  58685.4 0 0 0 0 0 0 17.9053 0
58735.2  58735.2 0 0 0 0 0 0 18.486 0
58785.2  58785.2 0 0 0 0 0 0 17.8636 0
58835  58835 0 0 0 0 0 0 17.5905 0
58884.8  58884.8 0 0 0 0 0 0 17.6877 0
58934.7  58934.7 0 0 0 0 0 0 18.0043 0
58984.6  58984.6 0 0 0 0 0 0 18.0035 0
59034.4  59034.4 0 0 0 0 0 0 18.0276 0
59084.3  59084.3 0 0 0 0 0 0 18.0878 0
59134.2  59134.2 0 0 0 0 0 0 18.0674 0
59184  59184 0 0 0 0 0 0 17.8722 0
59234  59234 0 0 0 0 0 0 17.8502 0
59283.8  59283.8 0 0 0 0 0 0 17.9176 0
59333.6  59333.6 0 0 0 0 0 0 18.0534 0
59383.5  59383.5 0 0 0 0 0 0 18.0519 0
59433.4  59433.4 0 0 0 0 0 0 18.2267 0
59483.2  59483.2 0 0 0 0 0 0 18.2098 0
59533.1  59533.1 0 0 0 0 0 0 18.4191 0
59583.1  59583.1 0 0 0 0 0 0 18.0731 0
59632.9  59632.9 0 0 0 0 0 0 18.2677 0
59682.7  59682.7 0 0 0 0 0 0 18.3937 0
59732.6  59732.6 0 0 0 0 0 0 18.0793 0
59782.4  59782.4 0 0 0 0 0 0 18.1576 0
59832.4  59832.4 0 0 0 0 0 0 17.973 0
59882.2  59882.2 0 0 0 0 0 0 17.9955 0
59932  59932 0 0 0 0 0 0 17.9974 0
59981.9  59981.9 0 0 0 0 0 0 17.9049 0
60031.8  60031.8 0 0 0 0 0 0 17.8233 0
60081.6  60081.6 0 0 0 0 0 0 18.181 0
60131.5  60131.5 0 0 0 0 0 0 17.8822 0
60181.4  60181.4 0 0 0 0 0 0 18.0561 0
60231.2  60231.2 0 0 0 0 0 0 18.2909 0
60281.1  60281.1 0 0 0 0 0 0 18.0617 0
60331  60331 0 0 0 0 0 0 18.1473 0
60380.8  60380.8 0 0 0 0 0 0 18.2853 0
60431.3  60431.3 0 0 0 0 0 0 17.9618 0
60480.6  60480.6 0 0 0 0 0 0 17.7474 0
60530.4  60530.4 0 0 0 0 0 0 18.2526 0
60580.3  60580.3 0 0 0 0 0 0 17.9408 0
60630.2  60630.2 0 0 0 0 0 0 18.0557 0
60680  60680 0 0 0 0 0 0 17.9741 0
60730.5  60730.5 0 0 0 0 0 0 18.0268 0
60779.8  60779.8 0 0 0 0 0 0 18.0363 0
60829.7  60829.7 0 0 0 0 0 0 18.091 0
60879.5  60879.5 0 0 0 0 0 0 18.3201 0
60929.4  60929.4 0 0 0 0 0 0 18.027 0
60979.2  60979.2 0 0 0 0 0 0 17.9555 0
61029.1  61029.1 0 0 0 0 0 0 18.2069 0
61079  61079 0 0 0 0 0 0 18.1932 0
61128.8  61128.8 0 0 0 0 0 0 17.9833 0
61178.7  61178.7 0 0 0 0 0 0 17.9733 0
61228.6  61228.6 0 0 0 0 0 0 18.1919 0
61278.4  61278.4 0 0 0 0 0 0 18.463 0
61328.3  61328.3 0 0 0 0 0 0 18.0468 0
61378.2  61378.2 0 0 0 0 0 0 18.4758 0
61428  61428 0 0 0 0 0 0 17.9764 0
61477.9  61477.9 0 0 0 0 0 0 18.4389 0
61527.8  61527.8 0 0 0 0 0 0 18.3147 0
61578.3  61578.3 0 0 0 0 0 0 18.0605 0
61628.5  61628.5 0 0 0 0 0 0 17.9686 0
61678.4  61678.4 0 0 0 0 0 0 18.3201 0
61728.2  61728.2 0 0 0 0 0 0 18.0053 0
61778.8  61778.8 0 0 0 0 0 0 18.2417 0
61828  61828 0 0 0 0 0 0 17.9823 0
61877.8  61877.8 0 0 0 0 0 0 18.0867 0
61927.7  61927.7 0 0 0 0 0 0 18.2324 0
61977.6  61977.6 0 0 0 0 0 0 18.1187 0
62027.5  62027.5 0 0 0 0 0 0 18.3574 0
62077.3  62077.3 0 0 0 0 0 0 18.0002 0
62127.2  62127.2 0 0 0 0 0 0 18.2686 0
62177  62177 0 0 0 0 0 0 18.2519 0
62226.9  62226.9 0 0 0 0 0 0 17.9657 0
62276.8  62276.8 0 0 0 0 0 0 18.1651 0
62326.6  62326.6 0 0 0 0 0 0 18.2094 0
62377.6  62377.6 0 0 0 0 0 0 18.4414 0
62427.4  62427.4 0 0 0 0 0 0 18.0722 0
62477.2  62477.2 0 0 0 0 0 0 17.9165 0
62527.1  62527.1 0 0 0 0 0 0 17.9389 0
62577  62577 0 0 0 0 0 0 18.3451 0
62626.9  62626.9 0 0 0 0 0 0 18.3629 0
62676.7  62676.7 0 0 0 0 0 0 18.1129 0
62726.6  62726.6 0 0 0 0 0 0 18.2364 0
62776.4  62776.4 0 0 0 0 0 0 18.505 0
62826.4  62826.4 0 0 0 0 0 0 18.2575 0
62876.2  62876.2 0 0 0 0 0 0 17.8225 0
62926  62926 0 0 0 0 0 0 18.6543 0
62975.9  62975.9 0 0 0 0 0 0 18.053 0
63025.8  63025.8 0 0 0 0 0 0 18.064 0
63075.6  63075.6 0 0 0 0 0 0 17.6504 0
63125.5  63125.5 0 0 0 0 0 0 18.471 0
63186.6  63186.6 0 0 0 0 0 0 18.0935 0
63236.2  63236.2 0 0 0 0 0 0 18.2471 0
63286.1  63286.1 0 0 0 0 0 0 18.4441 0
63335.9  63335.9 0 0 0 0 0 0 18.4712 0
63385.8  63385.8 0 0 0 0 0 0 17.8274 0
63435.7  63435.7 0 0 0 0 0 0 18.2163 0
63485.6  63485.6 0 0 0 0 0 0 18.0503 0
63535.4  63535.4 0 0 0 0 0 0 18.0284 0
63585.3  63585.3 0 0 0 0 0 0 18.3741 0
63635.2  63635.2 0 0 0 0 0 0 17.878 0
63685  63685 0 0 0 0 0 0 18.5366 0
63734.9  63734.9 0 0 0 0 0 0 17.853 0
63784.7  63784.7 0 0 0 0 0 0 18.0669 0
63834.6  63834.6 0 0 0 0 0 0 18.5368 0
63884.5  63884.5 0 0 0 0 0 0 18.1301 0
63934.7  63934.7 0 0 0 0 0 0 18.2106 0
63984.2  63984.2 0 0 0 0 0 0 18.4002 0
64034.2  64034.2 0 0 0 0 0 0 18.326 0
64084.1  64084.1 0 0 0 0 0 0 18.2398 0
64133.8  64133.8 0 0 0 0 0 0 18.198 0
64183.7  64183.7 0 0 0 0 0 0 18.2342 0
64233.6  64233.6 0 0 0 0 0 0 18.0231 0
64283.4  64283.4 0 0 0 0 0 0 17.9654 0
64333.3  64333.3 0 0 0 0 0 0 18.1814 0
64383.1  64383.1 0 0 0 0 0 0 18.0746 0
64433  64433 0 0 0 0 0 0 18.152 0
64482.9  64482.9 0 0 0 0 0 0 17.9299 0
64532.8  64532.8 0 0 0 0 0 0 18.0432 0
64582.6  64582.6 0 0 0 0 0 0 18.0155 0
64632.5  64632.5 0 0 0 0 0 0 18.1921 0
64682.3  64682.3 0 0 0 0 0 0 18.4032 0
64732.2  64732.2 0 0 0 0 0 0 18.1022 0
64782.1  64782.1 0 0 0 0 0 0 18.011 0
64831.9  64831.9 0 0 0 0 0 0 18.3445 0
64881.8  64881.8 0 0 0 0 0 0 18.2515 0
64931.7  64931.7 0 0 0 0 0 0 18.2934 0
64981.5  64981.5 0 0 0 0 0 0 18.4948 0
65031.4  65031.4 0 0 0 0 0 0 18.5537 0
65081.3  65081.3 0 0 0 0 0 0 18.3811 0
65131.2  65131.2 0 0 0 0 0 0 17.8987 0
65181  65181 0 0 0 0 0 0 18.3144 0
65230.9  65230.9 0 0 0 0 0 0 18.4534 0
65280.8  65280.8 0 0 0 0 0 0 18.6812 0
65331.6  65331.6 0 0 0 0 0 0 18.1301 0
65381.5  65381.5 0 0 0 0 0 0 18.5914 0
65431.3  65431.3 0 0 0 0 0 0 18.3256 0
65481.2  65481.2 0 0 0 0 0 0 18.2874 0
65531.1  65531.1 0 0 0 0 0 0 18.4644 0
65580.9  65580.9 0 0 0 0 0 0 18.1889 0
65630.8  65630.8 0 0 0 0 0 0 18.0775 0
65680.7  65680.7 0 0 0 0 0 0 17.9503 0
65730.5  65730.5 0 0 0 0 0 0 18.1488 0
65780.4  65780.4 0 0 0 0 0 0 18.5066 0
65830.3  65830.3 0 0 0 0 0 0 18.3232 0
65880.1  65880.1 0 0 0 0 0 0 18.6259 0
65930  65930 0 0 0 0 0 0 18.1337 0
65979.9  65979.9 0 0 0 0 0 0 18.4044 0
66029.8  66029.8 0 0 0 0 0 0 17.8822 0
66079.6  66079.6 0 0 0 0 0 0 18.1532 0
66129.5  66129.5 0 0 0 0 0 0 18.5286 0
66179.3  66179.3 0 0 0 0 0 0 18.4032 0
66229.2  66229.2 0 0 0 0 0 0 18.1578 0
66279.1  66279.1 0 0 0 0 0 0 17.7959 0
66329  66329 0 0 0 0 0 0 18.297 0
66378.8  66378.8 0 0 0 0 0 0 18.1934 0
66428.7  66428.7 0 0 0 0 0 0 18.0279 0
66478.6  66478.6 0 0 0 0 0 0 18.1022 0
66528.4  66528.4 0 0 0 0 0 0 17.9235 0
66578.3  66578.3 0 0 0 0 0 0 18.1239 0
66628.1  66628.1 0 0 0 0 0 0 17.9304 0
66678  66678 0 0 0 0 0 0 18.2722 0
66727.9  66727.9 0 0 0 0 0 0 18.1383 0
66777.7  66777.7 0 0 0 0 0 0 18.3108 0
66827.6  66827.6 0 0 0 0 0 0 18.1979 0
66877.5  66877.5 0 0 0 0 0 0 18.4291 0
66927.3  66927.3 0 0 0 0 0 0 18.3077 0
66977.3  66977.3 0 0 0 0 0 0 18.3933 0
67027.1  67027.1 0 0 0 0 0 0 18.4247 0
67076.9  67076.9 0 0 0 0 0 0 18.3308 0
67127  67127 0 0 0 0 0 0 18.893 0
67176.7  67176.7 0 0 0 0 0 0 18.3568 0
67226.6  67226.6 0 0 0 0 0 0 18.7896 0
67276.4  67276.4 0 0 0 0 0 0 18.1912 0
67326.3  67326.3 0 0 0 0 0 0 18.2442 0
67376.2  67376.2 0 0 0 0 0 0 18.5848 0
67426  67426 0 0 0 0 0 0 18.5551 0
67475.9  67475.9 0 0 0 0 0 0 18.4771 0
67525.7  67525.7 0 0 0 0 0 0 18.368 0
67575.6  67575.6 0 0 0 0 0 0 17.9365 0
67625.6  67625.6 0 0 0 0 0 0 17.9893 0
67678.3  67678.3 0 0 0 0 0 0 18.2182 0
67728.2  67728.2 0 0 0 0 0 0 18.492 0
67778.1  67778.1 0 0 0 0 0 0 18.0986 0
67827.9  67827.9 0 0 0 0 0 0 18.3914 0
67877.8  67877.8 0 0 0 0 0 0 17.9331 0
67927.7  67927.7 0 0 0 0 0 0 18.5723 0
67977.5  67977.5 0 0 0 0 0 0 18.5296 0
68027.4  68027.4 0 0 0 0 0 0 17.9636 0
68077.3  68077.3 0 0 0 0 0 0 18.3165 0
68127.1  68127.1 0 0 0 0 0 0 17.7189 0
68177  68177 0 0 0 0 0 0 18.0938 0
68226.9  68226.9 0 0 0 0 0 0 18.2198 0
68276.7  68276.7 0 0 0 0 0 0 18.072 0
68326.6  68326.6 0 0 0 0 0 0 18.2018 0
68376.7  68376.7 0 0 0 0 0 0 18.6031 0
68426.5  68426.5 0 0 0 0 0 0 18.551 0
68476.2  68476.2 0 0 0 0 0 0 18.2981 0
68526.1  68526.1 0 0 0 0 0 0 18.1063 0
68575.9  68575.9 0 0 0 0 0 0 18.4585 0
68625.8  68625.8 0 0 0 0 0 0 17.9794 0
68675.7  68675.7 0 0 0 0 0 0 18.1858 0
68725.6  68725.6 0 0 0 0 0 0 18.4548 0
68775.4  68775.4 0 0 0 0 0 0 18.2271 0
68825.3  68825.3 0 0 0 0 0 0 18.2498 0
68875.1  68875.1 0 0 0 0 0 0 18.5561 0
68925  68925 0 0 0 0 0 0 17.9237 0
68974.9  68974.9 0 0 0 0 0 0 18.096 0
69024.7  69024.7 0 0 0 0 0 0 18.0961 0
69074.6  69074.6 0 0 0 0 0 0 18.4511 0
69124.5  69124.5 0 0 0 0 0 0 18.2258 0
69174.3  69174.3 0 0 0 0 0 0 17.8705 0
69226.2  69226.2 0 0 0 0 0 0 18.1484 0
69276.1  69276.1 0 0 0 0 0 0 18.3587 0
69325.9  69325.9 0 0 0 0 0 0 18.1043 0
69375.8  69375.8 0 0 0 0 0 0 18.039 0
69425.7  69425.7 0 0 0 0 0 0 18.7394 0
69475.6  69475.6 0 0 0 0 0 0 18.0098 0
69525.4  69525.4 0 0 0 0 0 0 18.0642 0
69575.3  69575.3 0 0 0 0 0 0 18.5666 0
69625.1  69625.1 0 0 0 0 0 0 17.9944 0
69675  69675 0 0 0 0 0 0 18.3524 0
69724.9  69724.9 0 0 0 0 0 0 18.6108 0
69774.7  69774.7 0 0 0 0 0 0 18.6662 0
69824.6  69824.6 0 0 0 0 0 0 18.2111 0
69874.5  69874.5 0 0 0 0 0 0 18.5199 0
69924.3  69924.3 0 0 0 0 0 0 18.3348 0
69974.2  69974.2 0 0 0 0 0 0 18.3072 0
70024.1  70024.1 0 0 0 0 0 0 18.1939 0
70073.9  70073.9 0 0 0 0 0 0 18.422 0
70123.8  70123.8 0 0 0 0 0 0 18.0479 0
70173.7  70173.7 0 0 0 0 0 0 18.1158 0
70223.5  70223.5 0 0 0 0 0 0 18.3325 0
70273.4  70273.4 0 0 0 0 0 0 18.6171 0
70323.3  70323.3 0 0 0 0 0 0 18.1175 0
70373.1  70373.1 0 0 0 0 0 0 18.2509 0
70423  70423 0 0 0 0 0 0 18.6878 0
70473.4  70473.4 0 0 0 0 0 0 18.3735 0
70522.7  70522.7 0 0 0 0 0 0 18.3071 0
70572.6  70572.6 0 0 0 0 0 0 17.9588 0
70622.5  70622.5 0 0 0 0 0 0 18.3234 0
70672.3  70672.3 0 0 0 0 0 0 17.8764 0
70722.2  70722.2 0 0 0 0 0 0 18.3798 0
70772.1  70772.1 0 0 0 0 0 0 18.3956 0
70821.9  70821.9 0 0 0 0 0 0 18.1483 0
70871.9  70871.9 0 0 0 0 0 0 18.1332 0
70921.7  70921.7 0 0 0 0 0 0 18.4156 0
70971.5  70971.5 0 0 0 0 0 0 18.1772 0
71021.4  71021.4 0 0 0 0 0 0 18.2047 0
71071.3  71071.3 0 0 0 0 0 0 18.2915 0
71121.1  71121.1 0 0 0 0 0 0 18.2767 0
71171  71171 0 0 0 0 0 0 18.1953 0
71220.9  71220.9 0 0 0 0 0 0 18.4349 0
71270.7  71270.7 0 0 0 0 0 0 18.4062 0
71320.6  71320.6 0 0 0 0 0 0 18.3843 0
71370.5  71370.5 0 0 0 0 0 0 18.2634 0
71420.3  71420.3 0 0 0 0 0 0 18.362 0
71470.2  71470.2 0 0 0 0 0 0 18.4809 0
71520.1  71520.1 0 0 0 0 0 0 18.3749 0
71570  71570 0 0 0 0 0 0 18.7108 0
71619.8  71619.8 0 0 0 0 0 0 18.5268 0
71669.7  71669.7 0 0 0 0 0 0 18.2822 0
71719.5  71719.5 0 0 0 0 0 0 18.1764 0
71769.4  71769.4 0 0 0 0 0 0 18.5576 0
71819.3  71819.3 0 0 0 0 0 0 18.0437 0
71869.1  71869.1 0 0 0 0 0 0 18.4029 0
71919.3  71919.3 0 0 0 0 0 0 18.2905 0
71968.9  71968.9 0 0 0 0 0 0 18.2888 0
72018.7  72018.7 0 0 0 0 0 0 18.2307 0
72068.6  72068.6 0 0 0 0 0 0 18.4883 0
72118.5  72118.5 0 0 0 0 0 0 18.5925 0
72168.3  72168.3 0 0 0 0 0 0 18.5002 0
72218.2  72218.2 0 0 0 0 0 0 18.3233 0
72268.1  72268.1 0 0 0 0 0 0 18.2665 0
72317.9  72317.9 0 0 0 0 0 0 18.5021 0
72367.8  72367.8 0 0 0 0 0 0 18.1638 0
72417.7  72417.7 0 0 0 0 0 0 18.0495 0
72467.5  72467.5 0 0 0 0 0 0 18.5759 0
72517.4  72517.4 0 0 0 0 0 0 18.0748 0
72567.5  72567.5 0 0 0 0 0 0 18.66 0
72617.1  72617.1 0 0 0 0 0 0 18.6103 0
72667  72667 0 0 0 0 0 0 18.557 0
72716.9  72716.9 0 0 0 0 0 0 17.9389 0
72766.7  72766.7 0 0 0 0 0 0 18.5654 0
72825.6  72825.6 0 0 0 0 0 0 18.7856 0
72875.4  72875.4 0 0 0 0 0 0 18.697 0
72925.3  72925.3 0 0 0 0 0 0 17.9134 0
72975.2  72975.2 0 0 0 0 0 0 18.2975 0
73025  73025 0 0 0 0 0 0 18.3526 0
73074.9  73074.9 0 0 0 0 0 0 18.1348 0
73124.8  73124.8 0 0 0 0 0 0 18.4352 0
73174.7  73174.7 0 0 0 0 0 0 18.6694 0
73224.5  73224.5 0 0 0 0 0 0 18.3463 0
73274.4  73274.4 0 0 0 0 0 0 18.3579 0
73324.2  73324.2 0 0 0 0 0 0 18.4711 0
73374.1  73374.1 0 0 0 0 0 0 18.1108 0
73424  73424 0 0 0 0 0 0 18.3654 0
73473.8  73473.8 0 0 0 0 0 0 18.0211 0
73523.7  73523.7 0 0 0 0 0 0 18.3191 0
73573.6  73573.6 0 0 0 0 0 0 17.9141 0
73623.4  73623.4 0 0 0 0 0 0 18.5591 0
73673.3  73673.3 0 0 0 0 0 0 18.5548 0
73723.2  73723.2 0 0 0 0 0 0 18.5356 0
73773.1  73773.1 0 0 0 0 0 0 18.3884 0
73822.9  73822.9 0 0 0 0 0 0 18.6427 0
73872.8  73872.8 0 0 0 0 0 0 18.3554 0
73922.6  73922.6 0 0 0 0 0 0 18.5807 0
73972.5  73972.5 0 0 0 0 0 0 18.7146 0
74022.4  74022.4 0 0 0 0 0 0 18.1825 0
74072.2  74072.2 0 0 0 0 0 0 18.1434 0
74122.1  74122.1 0 0 0 0 0 0 18.4032 0
74172  74172 0 0 0 0 0 0 18.3324 0
74221.8  74221.8 0 0 0 0 0 0 18.3197 0
74271.7  74271.7 0 0 0 0 0 0 18.8781 0
74321.6  74321.6 0 0 0 0 0 0 18.4975 0
74371.4  74371.4 0 0 0 0 0 0 18.4438 0
74421.3  74421.3 0 0 0 0 0 0 18.5047 0
74471.2  74471.2 0 0 0 0 0 0 18.5944 0
74521  74521 0 0 0 0 0 0 18.8884 0
74570.9  74570.9 0 0 0 0 0 0 18.3003 0
74620.8  74620.8 0 0 0 0 0 0 18.4462 0
74670.6  74670.6 0 0 0 0 0 0 18.3814 0
74720.5  74720.5 0 0 0 0 0 0 18.4575 0
74770.4  74770.4 0 0 0 0 0 0 18.6567 0
74822.6  74822.6 0 0 0 0 0 0 18.4119 0
74878.1  74878.1 0 0 0 0 0 0 18.4961 0
74928  74928 0 0 0 0 0 0 18.2852 0
74978.1  74978.1 0 0 0 0 0 0 18.2608 0
75027.7  75027.7 0 0 0 0 0 0 18.5831 0
75077.6  75077.6 0 0 0 0 0 0 18.3633 0
75127.4  75127.4 0 0 0 0 0 0 18.229 0
75177.3  75177.3 0 0 0 0 0 0 18.6242 0
75227.4  75227.4 0 0 0 0 0 0 18.3016 0
75277  75277 0 0 0 0 0 0 18.4079 0
75326.9  75326.9 0 0 0 0 0 0 18.1942 0
75376.8  75376.8 0 0 0 0 0 0 18.4775 0
75426.6  75426.6 0 0 0 0 0 0 18.9044 0
75477.1  75477.1 0 0 0 0 0 0 18.6277 0
75527.4  75527.4 0 0 0 0 0 0 18.5118 0
75577.2  75577.2 0 0 0 0 0 0 18.1801 0
75627.2  75627.2 0 0 0 0 0 0 18.3042 0
75677  75677 0 0 0 0 0 0 18.4503 0
75726.8  75726.8 0 0 0 0 0 0 18.433 0
75776.7  75776.7 0 0 0 0 0 0 18.4732 0
75826.6  75826.6 0 0 0 0 0 0 18.0755 0
75876.4  75876.4 0 0 0 0 0 0 18.2187 0
75926.3  75926.3 0 0 0 0 0 0 18.6184 0
75976.2  75976.2 0 0 0 0 0 0 18.5874 0
76026  76026 0 0 0 0 0 0 18.5013 0
76075.9  76075.9 0 0 0 0 0 0 18.5571 0
76125.8  76125.8 0 0 0 0 0 0 18.5456 0
76175.6  76175.6 0 0 0 0 0 0 18.2116 0
76225.5  76225.5 0 0 0 0 0 0 18.3981 0
76275.4  76275.4 0 0 0 0 0 0 18.3402 0
76325.2  76325.2 0 0 0 0 0 0 18.3793 0
76375.1  76375.1 0 0 0 0 0 0 18.6942 0
76425  76425 0 0 0 0 0 0 18.4574 0
76474.8  76474.8 0 0 0 0 0 0 18.4976 0
76524.7  76524.7 0 0 0 0 0 0 18.2013 0
76574.6  76574.6 0 0 0 0 0 0 18.3114 0
76624.4  76624.4 0 0 0 0 0 0 18.2431 0
76674.3  76674.3 0 0 0 0 0 0 18.2151 0
76724.2  76724.2 0 0 0 0 0 0 18.5626 0
76774.1  76774.1 0 0 0 0 0 0 18.1787 0
76823.9  76823.9 0 0 0 0 0 0 18.5946 0
76873.8  76873.8 0 0 0 0 0 0 18.1368 0
76923.6  76923.6 0 0 0 0 0 0 18.5792 0
76973.5  76973.5 0 0 0 0 0 0 18.8245 0
77023.4  77023.4 0 0 0 0 0 0 18.3211 0
77073.2  77073.2 0 0 0 0 0 0 18.3618 0
77123.1  77123.1 0 0 0 0 0 0 18.7857 0
77173.4  77173.4 0 0 0 0 0 0 18.6846 0
77222.8  77222.8 0 0 0 0 0 0 18.5217 0
77272.7  77272.7 0 0 0 0 0 0 18.3889 0
77322.6  77322.6 0 0 0 0 0 0 18.5799 0
77372.5  77372.5 0 0 0 0 0 0 18.6174 0
77422.3  77422.3 0 0 0 0 0 0 18.2941 0
77472.3  77472.3 0 0 0 0 0 0 18.7872 0
77522  77522 0 0 0 0 0 0 18.6704 0
77571.9  77571.9 0 0 0 0 0 0 18.1939 0
77621.8  77621.8 0 0 0 0 0 0 18.1074 0
77671.6  77671.6 0 0 0 0 0 0 18.1349 0
77721.5  77721.5 0 0 0 0 0 0 18.6779 0
77771.4  77771.4 0 0 0 0 0 0 18.4029 0
77821.2  77821.2 0 0 0 0 0 0 18.694 0
77871.1  77871.1 0 0 0 0 0 0 18.4878 0
77921  77921 0 0 0 0 0 0 18.343 0
77970.8  77970.8 0 0 0 0 0 0 18.6124 0
78020.7  78020.7 0 0 0 0 0 0 18.1789 0
78070.6  78070.6 0 0 0 0 0 0 18.6226 0
78120.4  78120.4 0 0 0 0 0 0 18.7871 0
78170.6  78170.6 0 0 0 0 0 0 18.1434 0
78220.2  78220.2 0 0 0 0 0 0 18.4045 0
78270  78270 0 0 0 0 0 0 18.192 0
78320.1  78320.1 0 0 0 0 0 0 18.1629 0
78369.8  78369.8 0 0 0 0 0 0 18.4919 0
78419.6  78419.6 0 0 0 0 0 0 18.4738 0
78469.5  78469.5 0 0 0 0 0 0 18.1256 0
78519.4  78519.4 0 0 0 0 0 0 18.6681 0
78569.2  78569.2 0 0 0 0 0 0 18.6427 0
78619.1  78619.1 0 0 0 0 0 0 18.7763 0
78669  78669 0 0 0 0 0 0 18.2866 0
78718.8  78718.8 0 0 0 0 0 0 18.4599 0
78768.7  78768.7 0 0 0 0 0 0 18.4613 0
78818.6  78818.6 0 0 0 0 0 0 18.766 0
78868.4  78868.4 0 0 0 0 0 0 18.5883 0
78918.3  78918.3 0 0 0 0 0 0 18.5036 0
78968.4  78968.4 0 0 0 0 0 0 18.4482 0
79018  79018 0 0 0 0 0 0 18.3195 0
79067.9  79067.9 0 0 0 0 0 0 18.6531 0
79117.8  79117.8 0 0 0 0 0 0 18.6717 0
79167.6  79167.6 0 0 0 0 0 0 18.2665 0
79217.7  79217.7 0 0 0 0 0 0 18.6512 0
79267.5  79267.5 0 0 0 0 0 0 18.4166 0
79317.2  79317.2 0 0 0 0 0 0 18.448 0
79367.1  79367.1 0 0 0 0 0 0 18.562 0
79417  79417 0 0 0 0 0 0 18.5796 0
79466.8  79466.8 0 0 0 0 0 0 18.9874 0
79516.7  79516.7 0 0 0 0 0 0 18.5252 0
79566.6  79566.6 0 0 0 0 0 0 18.4125 0
79616.4  79616.4 0 0 0 0 0 0 18.4359 0
79666.3  79666.3 0 0 0 0 0 0 18.1865 0
79716.2  79716.2 0 0 0 0 0 0 18.2628 0
79766  79766 0 0 0 0 0 0 18.3506 0
79815.9  79815.9 0 0 0 0 0 0 18.2505 0
79865.8  79865.8 0 0 0 0 0 0 18.5026 0
79915.6  79915.6 0 0 0 0 0 0 18.7571 0
79965.5  79965.5 0 0 0 0 0 0 18.4761 0
80015.4  80015.4 0 0 0 0 0 0 18.5344 0
80065.2  80065.2 0 0 0 0 0 0 18.7765 0
80115.1  80115.1 0 0 0 0 0 0 18.5695 0
80165  80165 0 0 0 0 0 0 18.7405 0
80214.8  80214.8 0 0 0 0 0 0 18.0985 0
80264.7  80264.7 0 0 0 0 0 0 18.5033 0
80314.6  80314.6 0 0 0 0 0 0 17.9954 0
80364.4  80364.4 0 0 0 0 0 0 18.6359 0
80414.3  80414.3 0 0 0 0 0 0 18.941 0
80464.2  80464.2 0 0 0 0 0 0 18.9069 0
80514.1  80514.1 0 0 0 0 0 0 18.586 0
80563.9  80563.9 0 0 0 0 0 0 18.6044 0
80613.8  80613.8 0 0 0 0 0 0 18.3839 0
80664.5  80664.5 0 0 0 0 0 0 18.4284 0
80714.6  80714.6 0 0 0 0 0 0 18.658 0
80764.4  80764.4 0 0 0 0 0 0 18.4435 0
80814.2  80814.2 0 0 0 0 0 0 18.4771 0
80864.1  80864.1 0 0 0 0 0 0 18.6833 0
80914  80914 0 0 0 0 0 0 18.5919 0
80963.8  80963.8 0 0 0 0 0 0 18.7123 0
81013.7  81013.7 0 0 0 0 0 0 18.5902 0
81063.6  81063.6 0 0 0 0 0 0 18.5171 0
81113.4  81113.4 0 0 0 0 0 0 18.1631 0
81163.3  81163.3 0 0 0 0 0 0 18.6141 0
81213.2  81213.2 0 0 0 0 0 0 18.3467 0
81263  81263 0 0 0 0 0 0 18.5263 0
81312.9  81312.9 0 0 0 0 0 0 18.6053 0
81362.8  81362.8 0 0 0 0 0 0 18.7464 0
81412.7  81412.7 0 0 0 0 0 0 18.6479 0
81462.5  81462.5 0 0 0 0 0 0 18.3348 0
81512.4  81512.4 0 0 0 0 0 0 18.5325 0
81562.2  81562.2 0 0 0 0 0 0 18.5514 0
81612.1  81612.1 0 0 0 0 0 0 18.2276 0
81662  81662 0 0 0 0 0 0 18.3497 0
81711.8  81711.8 0 0 0 0 0 0 18.5918 0
81761.7  81761.7 0 0 0 0 0 0 18.4516 0
81811.6  81811.6 0 0 0 0 0 0 18.6885 0
81861.4  81861.4 0 0 0 0 0 0 18.7947 0
81911.3  81911.3 0 0 0 0 0 0 18.2123 0
81961.2  81961.2 0 0 0 0 0 0 18.1406 0
82011  82011 0 0 0 0 0 0 18.7727 0
82060.9  82060.9 0 0 0 0 0 0 18.4238 0
82110.8  82110.8 0 0 0 0 0 0 18.4319 0
82160.8  82160.8 0 0 0 0 0 0 18.5249 0
82210.5  82210.5 0 0 0 0 0 0 18.873 0
82260.4  82260.4 0 0 0 0 0 0 18.7218 0
82310.2  82310.2 0 0 0 0 0 0 18.2466 0
82360.1  82360.1 0 0 0 0 0 0 18.4941 0
82410  82410 0 0 0 0 0 0 18.3004 0
82459.8  82459.8 0 0 0 0 0 0 18.4355 0
82509.7  82509.7 0 0 0 0 0 0 18.3957 0
82559.6  82559.6 0 0 0 0 0 0 18.8572 0
82609.4  82609.4 0 0 0 0 0 0 18.7447 0
82659.3  82659.3 0 0 0 0 0 0 18.688 0
82709.2  82709.2 0 0 0 0 0 0 18.3142 0
82759  82759 0 0 0 0 0 0 18.4366 0
82808.9  82808.9 0 0 0 0 0 0 18.4392 0
82858.8  82858.8 0 0 0 0 0 0 18.3896 0
82908.6  82908.6 0 0 0 0 0 0 18.7043 0
82959.5  82959.5 0 0 0 0 0 0 18.7642 0
83011.4  83011.4 0 0 0 0 0 0 18.7177 0
83061.2  83061.2 0 0 0 0 0 0 18.8866 0
83111.1  83111.1 0 0 0 0 0 0 18.5296 0
83161.4  83161.4 0 0 0 0 0 0 18.8805 0
83210.8  83210.8 0 0 0 0 0 0 18.3525 0
83260.7  83260.7 0 0 0 0 0 0 19.1435 0
83310.5  83310.5 0 0 0 0 0 0 18.2122 0
83360.4  83360.4 0 0 0 0 0 0 18.3663 0
83410.3  83410.3 0 0 0 0 0 0 18.516 0
83460.3  83460.3 0 0 0 0 0 0 18.3866 0
83510  83510 0 0 0 0 0 0 18.5483 0
83560  83560 0 0 0 0 0 0 18.8677 0
83609.8  83609.8 0 0 0 0 0 0 18.6709 0
83659.6  83659.6 0 0 0 0 0 0 18.7089 0
83709.5  83709.5 0 0 0 0 0 0 18.394 0
83759.4  83759.4 0 0 0 0 0 0 18.799 0
83809.2  83809.2 0 0 0 0 0 0 18.2857 0
83859.7  83859.7 0 0 0 0 0 0 18.8074 0
83909.1  83909.1 0 0 0 0 0 0 18.6753 0
83958.8  83958.8 0 0 0 0 0 0 18.5051 0
84008.7  84008.7 0 0 0 0 0 0 18.5677 0
84058.6  84058.6 0 0 0 0 0 0 18.3307 0
84108.4  84108.4 0 0 0 0 0 0 18.7557 0
84158.3  84158.3 0 0 0 0 0 0 18.5917 0
84208.2  84208.2 0 0 0 0 0 0 18.2443 0
84258.4  84258.4 0 0 0 0 0 0 18.7039 0
84307.9  84307.9 0 0 0 0 0 0 18.5156 0
84357.8  84357.8 0 0 0 0 0 0 18.7004 0
84407.6  84407.6 0 0 0 0 0 0 18.8125 0
84457.6  84457.6 0 0 0 0 0 0 18.6588 0
84507.5  84507.5 0 0 0 0 0 0 18.7973 0
84557.2  84557.2 0 0 0 0 0 0 18.572 0
84607.2  84607.2 0 0 0 0 0 0 18.6947 0
84657  84657 0 0 0 0 0 0 18.6295 0
84706.8  84706.8 0 0 0 0 0 0 18.6897 0
84756.7  84756.7 0 0 0 0 0 0 18.5641 0
84806.6  84806.6 0 0 0 0 0 0 18.6645 0
84856.4  84856.4 0 0 0 0 0 0 18.4604 0
84906.3  84906.3 0 0 0 0 0 0 18.7683 0
84956.2  84956.2 0 0 0 0 0 0 18.8739 0
85006  85006 0 0 0 0 0 0 18.6144 0
85055.9  85055.9 0 0 0 0 0 0 18.1928 0
85105.7  85105.7 0 0 0 0 0 0 18.4441 0
85155.6  85155.6 0 0 0 0 0 0 18.5916 0
85205.5  85205.5 0 0 0 0 0 0 18.7271 0
85255.4  85255.4 0 0 0 0 0 0 18.6395 0
85305.2  85305.2 0 0 0 0 0 0 18.8757 0
85355.1  85355.1 0 0 0 0 0 0 18.6575 0
85405  85405 0 0 0 0 0 0 18.5472 0
85455.1  85455.1 0 0 0 0 0 0 18.7782 0
85504.7  85504.7 0 0 0 0 0 0 18.8774 0
85554.6  85554.6 0 0 0 0 0 0 18.6921 0
85604.4  85604.4 0 0 0 0 0 0 18.1653 0
85654.3  85654.3 0 0 0 0 0 0 18.646 0
85704.2  85704.2 0 0 0 0 0 0 18.695 0
85754  85754 0 0 0 0 0 0 18.8853 0
85803.9  85803.9 0 0 0 0 0 0 18.5231 0
85853.8  85853.8 0 0 0 0 0 0 18.2038 0
85903.7  85903.7 0 0 0 0 0 0 18.8925 0
85953.5  85953.5 0 0 0 0 0 0 18.6142 0
86003.4  86003.4 0 0 0 0 0 0 18.4832 0
86053.2  86053.2 0 0 0 0 0 0 18.6494 0
86104.1  86104.1 0 0 0 0 0 0 18.8319 0
86154  86154 0 0 0 0 0 0 18.784 0
86203.8  86203.8 0 0 0 0 0 0 18.5053 0
86253.7  86253.7 0 0 0 0 0 0 18.6186 0
86303.6  86303.6 0 0 0 0 0 0 18.5999 0
86353.4  86353.4 0 0 0 0 0 0 18.7571 0
86403.3  86403.3 0 0 0 0 0 0 18.637 0
86453.2  86453.2 0 0 0 0 0 0 18.78 0
86503  86503 0 0 0 0 0 0 18.5811 0
86552.9  86552.9 0 0 0 0 0 0 18.4297 0
86602.8  86602.8 0 0 0 0 0 0 18.6288 0
86652.6  86652.6 0 0 0 0 0 0 18.4407 0
86702.5  86702.5 0 0 0 0 0 0 18.6368 0
86752.4  86752.4 0 0 0 0 0 0 18.8104 0
86802.2  86802.2 0 0 0 0 0 0 18.6531 0
86852.1  86852.1 0 0 0 0 0 0 18.7182 0
86902  86902 0 0 0 0 0 0 18.4311 0
86951.8  86951.8 0 0 0 0 0 0 18.6866 0
87001.7  87001.7 0 0 0 0 0 0 18.4809 0
87051.6  87051.6 0 0 0 0 0 0 18.2212 0
87101.6  87101.6 0 0 0 0 0 0 18.8198 0
87151.3  87151.3 0 0 0 0 0 0 18.5754 0
87201.2  87201.2 0 0 0 0 0 0 18.4291 0
87251  87251 0 0 0 0 0 0 18.6226 0
87300.9  87300.9 0 0 0 0 0 0 18.7236 0
87350.8  87350.8 0 0 0 0 0 0 19.0754 0
87400.6  87400.6 0 0 0 0 0 0 18.6645 0
87450.5  87450.5 0 0 0 0 0 0 18.9091 0
87500.4  87500.4 0 0 0 0 0 0 18.4489 0
87550.2  87550.2 0 0 0 0 0 0 18.8112 0
87600.1  87600.1 0 0 0 0 0 0 18.6421 0
87650  87650 0 0 0 0 0 0 18.8607 0
87699.8  87699.8 0 0 0 0 0 0 19.15 0
87749.7  87749.7 0 0 0 0 0 0 19.0405 0
87799.6  87799.6 0 0 0 0 0 0 18.79 0
87849.4  87849.4 0 0 0 0 0 0 18.551 0
87899.3  87899.3 0 0 0 0 0 0 18.9318 0
87949.2  87949.2 0 0 0 0 0 0 18.3602 0
87999  87999 0 0 0 0 0 0 18.76 0
88048.9  88048.9 0 0 0 0 0 0 18.762 0
88098.8  88098.8 0 0 0 0 0 0 18.5895 0
88148.6  88148.6 0 0 0 0 0 0 18.751 0
88198.5  88198.5 0 0 0 0 0 0 18.575 0
88248.4  88248.4 0 0 0 0 0 0 18.8019 0
88298.2  88298.2 0 0 0 0 0 0 18.6914 0
88348.1  88348.1 0 0 0 0 0 0 18.5055 0
88398  88398 0 0 0 0 0 0 18.6084 0
88447.8  88447.8 0 0 0 0 0 0 18.5938 0
88497.7  88497.7 0 0 0 0 0 0 18.9885 0
88547.6  88547.6 0 0 0 0 0 0 18.9798 0
88598.7  88598.7 0 0 0 0 0 0 18.8247 0
88648.4  88648.4 0 0 0 0 0 0 18.5215 0
88698.1  88698.1 0 0 0 0 0 0 18.7254 0
88748.1  88748.1 0 0 0 0 0 0 18.8965 0
88797.9  88797.9 0 0 0 0 0 0 18.6575 0
88847.8  88847.8 0 0 0 0 0 0 18.4524 0
88897.6  88897.6 0 0 0 0 0 0 18.735 0
88947.5  88947.5 0 0 0 0 0 0 18.848 0
88997.4  88997.4 0 0 0 0 0 0 18.8137 0
89047.3  89047.3 0 0 0 0 0 0 18.8168 0
89097.1  89097.1 0 0 0 0 0 0 18.6241 0
89146.9  89146.9 0 0 0 0 0 0 18.6561 0
89196.8  89196.8 0 0 0 0 0 0 18.7454 0
89246.7  89246.7 0 0 0 0 0 0 18.9139 0
89296.6  89296.6 0 0 0 0 0 0 18.4428 0
89346.4  89346.4 0 0 0 0 0 0 18.8224 0
89396.3  89396.3 0 0 0 0 0 0 18.8629 0
89446.2  89446.2 0 0 0 0 0 0 18.9063 0
89496.1  89496.1 0 0 0 0 0 0 19.0338 0
89545.9  89545.9 0 0 0 0 0 0 18.2904 0
89595.8  89595.8 0 0 0 0 0 0 18.8802 0
89645.6  89645.6 0 0 0 0 0 0 18.7697 0
89695.5  89695.5 0 0 0 0 0 0 19.0036 0
89745.4  89745.4 0 0 0 0 0 0 18.8362 0
89795.2  89795.2 0 0 0 0 0 0 18.8333 0
89845.1  89845.1 0 0 0 0 0 0 18.9907 0
89895  89895 0 0 0 0 0 0 18.9159 0
89944.8  89944.8 0 0 0 0 0 0 18.852 0
89994.7  89994.7 0 0 0 0 0 0 18.8801 0
90044.6  90044.6 0 0 0 0 0 0 18.0802 0
90094.4  90094.4 0 0 0 0 0 0 18.7945 0
90144.3  90144.3 0 0 0 0 0 0 18.5582 0
90194.2  90194.2 0 0 0 0 0 0 18.6877 0
90244  90244 0 0 0 0 0 0 18.868 0
90293.9  90293.9 0 0 0 0 0 0 18.9855 0
90343.8  90343.8 0 0 0 0 0 0 18.6712 0
90393.6  90393.6 0 0 0 0 0 0 18.6506 0
90443.7  90443.7 0 0 0 0 0 0 18.6595 0
90493.3  90493.3 0 0 0 0 0 0 18.6627 0
90543.2  90543.2 0 0 0 0 0 0 18.409 0
90593.1  90593.1 0 0 0 0 0 0 18.4523 0
90643  90643 0 0 0 0 0 0 18.9562 0
90692.8  90692.8 0 0 0 0 0 0 18.7469 0
90742.7  90742.7 0 0 0 0 0 0 18.8018 0
90792.6  90792.6 0 0 0 0 0 0 18.6337 0
90842.4  90842.4 0 0 0 0 0 0 18.5427 0
90892.3  90892.3 0 0 0 0 0 0 18.8885 0
90942.2  90942.2 0 0 0 0 0 0 18.6085 0
90992  90992 0 0 0 0 0 0 18.7381 0
91041.9  91041.9 0 0 0 0 0 0 19.0549 0
91091.8  91091.8 0 0 0 0 0 0 19.064 0
91141.6  91141.6 0 0 0 0 0 0 18.8203 0
91191.5  91191.5 0 0 0 0 0 0 18.545 0
91241.4  91241.4 0 0 0 0 0 0 18.9135 0
91291.2  91291.2 0 0 0 0 0 0 18.9578 0
91341.1  91341.1 0 0 0 0 0 0 19.006 0
91391  91391 0 0 0 0 0 0 18.7614 0
91440.9  91440.9 0 0 0 0 0 0 18.6849 0
91490.8  91490.8 0 0 0 0 0 0 18.5651 0
91540.6  91540.6 0 0 0 0 0 0 18.9029 0
91590.4  91590.4 0 0 0 0 0 0 18.5714 0
91640.3  91640.3 0 0 0 0 0 0 18.7139 0
91690.2  91690.2 0 0 0 0 0 0 18.6342 0
91740  91740 0 0 0 0 0 0 18.8938 0
91789.9  91789.9 0 0 0 0 0 0 18.8825 0
91839.8  91839.8 0 0 0 0 0 0 18.9759 0
91891  91891 0 0 0 0 0 0 18.5901 0
91940.5  91940.5 0 0 0 0 0 0 18.5633 0
91990.4  91990.4 0 0 0 0 0 0 18.8795 0
92040.2  92040.2 0 0 0 0 0 0 18.7954 0
92090.5  92090.5 0 0 0 0 0 0 18.5437 0
92141.1  92141.1 0 0 0 0 0 0 18.9936 0
92190.8  92190.8 0 0 0 0 0 0 18.994 0
92240.7  92240.7 0 0 0 0 0 0 18.831 0
92290.6  92290.6 0 0 0 0 0 0 18.8877 0
92340.4  92340.4 0 0 0 0 0 0 18.6404 0
92390.3  92390.3 0 0 0 0 0 0 18.9097 0
92440.1  92440.1 0 0 0 0 0 0 19.1386 0
92490  92490 0 0 0 0 0 0 19.1384 0
92540  92540 0 0 0 0 0 0 18.8383 0
92589.8  92589.8 0 0 0 0 0 0 18.8829 0
92639.6  92639.6 0 0 0 0 0 0 18.9016 0
92689.5  92689.5 0 0 0 0 0 0 18.7126 0
92739.3  92739.3 0 0 0 0 0 0 18.3493 0
92789.3  92789.3 0 0 0 0 0 0 18.6551 0
92839.2  92839.2 0 0 0 0 0 0 18.633 0
92888.9  92888.9 0 0 0 0 0 0 18.2497 0
92940.3  92940.3 0 0 0 0 0 0 18.8586 0
92989.7  92989.7 0 0 0 0 0 0 18.8233 0
93039.6  93039.6 0 0 0 0 0 0 18.8203 0
93089.4  93089.4 0 0 0 0 0 0 18.6945 0
93139.3  93139.3 0 0 0 0 0 0 18.5921 0
93189.2  93189.2 0 0 0 0 0 0 18.7372 0
93239  93239 0 0 0 0 0 0 18.9547 0
93288.9  93288.9 0 0 0 0 0 0 18.7816 0
93338.8  93338.8 0 0 0 0 0 0 18.6019 0
93388.6  93388.6 0 0 0 0 0 0 18.602 0
93439.4  93439.4 0 0 0 0 0 0 18.4058 0
93489.4  93489.4 0 0 0 0 0 0 18.5796 0
93539.2  93539.2 0 0 0 0 0 0 18.9366 0
93589.1  93589.1 0 0 0 0 0 0 18.6982 0
93638.9  93638.9 0 0 0 0 0 0 18.7608 0
93688.8  93688.8 0 0 0 0 0 0 18.8298 0
93738.7  93738.7 0 0 0 0 0 0 18.6977 0
93788.6  93788.6 0 0 0 0 0 0 18.8217 0
93838.4  93838.4 0 0 0 0 0 0 18.9535 0
93888.3  93888.3 0 0 0 0 0 0 18.4093 0
93938.1  93938.1 0 0 0 0 0 0 18.6563 0
93988  93988 0 0 0 0 0 0 19.0206 0
94037.9  94037.9 0 0 0 0 0 0 18.7641 0
94087.8  94087.8 0 0 0 0 0 0 18.788 0
94137.6  94137.6 0 0 0 0 0 0 19.1639 0
94187.5  94187.5 0 0 0 0 0 0 18.9045 0
94237.3  94237.3 0 0 0 0 0 0 18.7681 0
94287.2  94287.2 0 0 0 0 0 0 19.0863 0
94337.1  94337.1 0 0 0 0 0 0 19.1172 0
94387  94387 0 0 0 0 0 0 18.9815 0
94436.8  94436.8 0 0 0 0 0 0 18.8703 0
94486.7  94486.7 0 0 0 0 0 0 18.9483 0
94536.6  94536.6 0 0 0 0 0 0 18.7209 0
94586.5  94586.5 0 0 0 0 0 0 18.9465 0
94636.3  94636.3 0 0 0 0 0 0 18.6408 0
94686.1  94686.1 0 0 0 0 0 0 18.7395 0
94736  94736 0 0 0 0 0 0 18.8223 0
94786.1  94786.1 0 0 0 0 0 0 18.9084 0
94835.7  94835.7 0 0 0 0 0 0 18.8128 0
94885.6  94885.6 0 0 0 0 0 0 18.6799 0
94935.5  94935.5 0 0 0 0 0 0 19.2266 0
94985.4  94985.4 0 0 0 0 0 0 18.937 0
95035.2  95035.2 0 0 0 0 0 0 18.3857 0
95085.1  95085.1 0 0 0 0 0 0 19.0445 0
95134.9  95134.9 0 0 0 0 0 0 19.1277 0
95184.8  95184.8 0 0 0 0 0 0 18.8895 0
95234.7  95234.7 0 0 0 0 0 0 18.9518 0
95284.6  95284.6 0 0 0 0 0 0 18.5739 0
95334.4  95334.4 0 0 0 0 0 0 19.0715 0
95384.3  95384.3 0 0 0 0 0 0 18.7942 0
95434.1  95434.1 0 0 0 0 0 0 18.6648 0
95484  95484 0 0 0 0 0 0 18.9227 0
95533.9  95533.9 0 0 0 0 0 0 18.8137 0
95583.7  95583.7 0 0 0 0 0 0 18.8021 0
95633.6  95633.6 0 0 0 0 0 0 19.0664 0
95683.5  95683.5 0 0 0 0 0 0 18.8183 0
95733.3  95733.3 0 0 0 0 0 0 19.0438 0
95783.2  95783.2 0 0 0 0 0 0 18.6751 0
95833.1  95833.1 0 0 0 0 0 0 18.8887 0
95883  95883 0 0 0 0 0 0 18.7839 0
95932.8  95932.8 0 0 0 0 0 0 18.8404 0
95982.7  95982.7 0 0 0 0 0 0 18.8597 0
96032.5  96032.5 0 0 0 0 0 0 19.1371 0
96082.4  96082.4 0 0 0 0 0 0 18.8434 0
96132.3  96132.3 0 0 0 0 0 0 18.7745 0
96182.1  96182.1 0 0 0 0 0 0 19.0177 0
96232  96232 0 0 0 0 0 0 18.9068 0
96281.9  96281.9 0 0 0 0 0 0 19.1719 0
96331.9  96331.9 0 0 0 0 0 0 18.6932 0
96381.6  96381.6 0 0 0 0 0 0 18.9382 0
96431.5  96431.5 0 0 0 0 0 0 18.7365 0
96481.4  96481.4 0 0 0 0 0 0 18.7827 0
96531.2  96531.2 0 0 0 0 0 0 19.0196 0
96581.1  96581.1 0 0 0 0 0 0 18.9191 0
96631  96631 0 0 0 0 0 0 19.2312 0
96680.8  96680.8 0 0 0 0 0 0 18.996 0
96730.7  96730.7 0 0 0 0 0 0 18.9455 0
96780.6  96780.6 0 0 0 0 0 0 18.7408 0
96830.4  96830.4 0 0 0 0 0 0 18.7288 0
96880.3  96880.3 0 0 0 0 0 0 18.6527 0
96930.2  96930.2 0 0 0 0 0 0 18.8126 0
96980  96980 0 0 0 0 0 0 19.1551 0
97029.9  97029.9 0 0 0 0 0 0 18.4736 0
97080  97080 0 0 0 0 0 0 18.7371 0
97129.6  97129.6 0 0 0 0 0 0 18.8551 0
97179.5  97179.5 0 0 0 0 0 0 18.7323 0
97229.3  97229.3 0 0 0 0 0 0 18.8415 0
97279.2  97279.2 0 0 0 0 0 0 18.6218 0
97329.1  97329.1 0 0 0 0 0 0 18.7513 0
97379  97379 0 0 0 0 0 0 19.1464 0
97428.8  97428.8 0 0 0 0 0 0 18.6672 0
97478.7  97478.7 0 0 0 0 0 0 18.703 0
97528.5  97528.5 0 0 0 0 0 0 18.9987 0
97578.4  97578.4 0 0 0 0 0 0 18.6631 0
97628.3  97628.3 0 0 0 0 0 0 19.0829 0
97678.2  97678.2 0 0 0 0 0 0 18.9013 0
97728  97728 0 0 0 0 0 0 18.5256 0
97777.9  97777.9 0 0 0 0 0 0 19.2958 0
97827.8  97827.8 0 0 0 0 0 0 18.6683 0
97877.6  97877.6 0 0 0 0 0 0 18.9682 0
97927.5  97927.5 0 0 0 0 0 0 18.8381 0
97977.4  97977.4 0 0 0 0 0 0 19.0506 0
98027.2  98027.2 0 0 0 0 0 0 18.6365 0
98077.1  98077.1 0 0 0 0 0 0 18.899 0
98127  98127 0 0 0 0 0 0 18.9118 0
98176.8  98176.8 0 0 0 0 0 0 18.809 0
98226.7  98226.7 0 0 0 0 0 0 18.7358 0
98276.5  98276.5 0 0 0 0 0 0 19.1664 0
98326.4  98326.4 0 0 0 0 0 0 19.0853 0
98376.3  98376.3 0 0 0 0 0 0 18.7886 0
98426.2  98426.2 0 0 0 0 0 0 19.1309 0
98476  98476 0 0 0 0 0 0 18.735 0
98525.9  98525.9 0 0 0 0 0 0 18.9734 0
98575.8  98575.8 0 0 0 0 0 0 18.9175 0
98625.6  98625.6 0 0 0 0 0 0 18.8041 0
98675.5  98675.5 0 0 0 0 0 0 19.01 0
98725.4  98725.4 0 0 0 0 0 0 18.7917 0
98775.2  98775.2 0 0 0 0 0 0 19.0354 0
98825.1  98825.1 0 0 0 0 0 0 19.0802 0
98874.9  98874.9 0 0 0 0 0 0 18.8716 0
98924.8  98924.8 0 0 0 0 0 0 18.9539 0
98974.7  98974.7 0 0 0 0 0 0 19.0224 0
99024.6  99024.6 0 0 0 0 0 0 18.7578 0
99074.4  99074.4 0 0 0 0 0 0 18.7038 0
99124.3  99124.3 0 0 0 0 0 0 19.0985 0
99174.1  99174.1 0 0 0 0 0 0 19.0046 0
99224  99224 0 0 0 0 0 0 18.7793 0
99273.9  99273.9 0 0 0 0 0 0 18.7236 0
99323.7  99323.7 0 0 0 0 0 0 18.9669 0
99373.6  99373.6 0 0 0 0 0 0 18.9702 0
99423.5  99423.5 0 0 0 0 0 0 18.9748 0
99473.4  99473.4 0 0 0 0 0 0 18.6171 0
99523.2  99523.2 0 0 0 0 0 0 19.2696 0
99573.1  99573.1 0 0 0 0 0 0 18.8214 0
99623  99623 0 0 0 0 0 0 19.0251 0
99672.8  99672.8 0 0 0 0 0 0 18.9905 0
99722.7  99722.7 0 0 0 0 0 0 18.6977 0
99772.6  99772.6 0 0 0 0 0 0 19.0299 0
99822.4  99822.4 0 0 0 0 0 0 18.6159 0
99872.3  99872.3 0 0 0 0 0 0 19.3294 0
99922.1  99922.1 0 0 0 0 0 0 19.0644 0
99972  99972 0 0 0 0 0 0 19.1 0
100022  100022 0 0 0 0 0 0 19.0744 0
100072  100072 0 0 0 0 0 0 18.846 0
100122  100122 0 0 0 0 0 0 18.8066 0
100171  100171 0 0 0 0 0 0 18.8785 0
100221  100221 0 0 0 0 0 0 18.741 0
100271  100271 0 0 0 0 0 0 19.0366 0
100321  100321 0 0 0 0 0 0 18.8242 0
100371  100371 0 0 0 0 0 0 18.8986 0
100421  100421 0 0 0 0 0 0 19.0308 0
100471  100471 0 0 0 0 0 0 18.8789 0
100521  100521 0 0 0 0 0 0 18.9106 0
100571  100571 0 0 0 0 0 0 18.8344 0
100620  100620 0 0 0 0 0 0 19.2471 0
100670  100670 0 0 0 0 0 0 18.8641 0
100720  100720 0 0 0 0 0 0 19.0159 0
100770  100770 0 0 0 0 0 0 19.049 0
100820  100820 0 0 0 0 0 0 18.8708 0
100870  100870 0 0 0 0 0 0 19.137 0
100920  100920 0 0 0 0 0 0 19.0814 0
100969  100969 0 0 0 0 0 0 19.1919 0
101019  101019 0 0 0 0 0 0 18.7334 0
101069  101069 0 0 0 0 0 0 18.7023 0
101119  101119 0 0 0 0 0 0 18.7452 0
101169  101169 0 0 0 0 0 0 18.8906 0
101219  101219 0 0 0 0 0 0 18.7986 0
101269  101269 0 0 0 0 0 0 18.9509 0
101318  101318 0 0 0 0 0 0 19.2786 0
101368  101368 0 0 0 0 0 0 18.9749 0
101418  101418 0 0 0 0 0 0 18.9325 0
101468  101468 0 0 0 0 0 0 18.9822 0
101518  101518 0 0 0 0 0 0 18.8519 0
101568  101568 0 0 0 0 0 0 19.0682 0
101618  101618 0 0 0 0 0 0 19.0891 0
101667  101667 0 0 0 0 0 0 19.1583 0
101717  101717 0 0 0 0 0 0 19.0202 0
101767  101767 0 0 0 0 0 0 18.9969 0
101817  101817 0 0 0 0 0 0 19.1775 0
101867  101867 0 0 0 0 0 0 19.3973 0
101917  101917 0 0 0 0 0 0 19.0954 0
101967  101967 0 0 0 0 0 0 19.4289 0
102017  102017 0 0 0 0 0 0 18.9367 0
102066  102066 0 0 0 0 0 0 18.695 0
102116  102116 0 0 0 0 0 0 19.0951 0
102166  102166 0 0 0 0 0 0 18.6497 0
102216  102216 0 0 0 0 0 0 18.8128 0
102266  102266 0 0 0 0 0 0 19.1394 0
102316  102316 0 0 0 0 0 0 19.0204 0
102366  102366 0 0 0 0 0 0 18.8598 0
102415  102415 0 0 0 0 0 0 18.7367 0
102465  102465 0 0 0 0 0 0 18.7521 0
102515  102515 0 0 0 0 0 0 19.0151 0
102565  102565 0 0 0 0 0 0 19.2403 0
102615  102615 0 0 0 0 0 0 18.6546 0
102665  102665 0 0 0 0 0 0 18.8818 0
102715  102715 0 0 0 0 0 0 18.857 0
102765  102765 0 0 0 0 0 0 19.1648 0
102814  102814 0 0 0 0 0 0 19.1666 0
102864  102864 0 0 0 0 0 0 19.3674 0
102914  102914 0 0 0 0 0 0 18.8526 0
102964  102964 0 0 0 0 0 0 18.8345 0
103014  103014 0 0 0 0 0 0 18.9797 0
103064  103064 0 0 0 0 0 0 19.3414 0
103114  103114 0 0 0 0 0 0 19.003 0
103163  103163 0 0 0 0 0 0 18.8952 0
103213  103213 0 0 0 0 0 0 19.0465 0
103263  103263 0 0 0 0 0 0 18.8951 0
103313  103313 0 0 0 0 0 0 19.1742 0
103363  103363 0 0 0 0 0 0 18.9843 0
