1533558191264892416
1533558191474896896
1533558191636900352
1533558191801903872
1533558191990907904
1533558192179911936
1533558192353915648
1533558192506918912
1533558192692922880
1533558192908927488
1533558193115931904
1533558193325936384
1533558193472939520
1533558193718944768
1533558193892948480
1533558194081952512
1533558194288956928
1533558194534962176
1533558194750966784
1533558194906970112
1533558195089974016
1533558195281978112
1533558195491982592
1533558195683986688
1533558195908991488
1533558196079995136
1533558196283999488
1533558196464003328
1533558196650007296
1533558196863011840
1533558197049015808
1533558197250020096
1533558197460024576
1533558197607027712
1533558197784031488
1533558198003036160
1533558198207040512
1533558198408044800
1533558198630049536
1533558198870054656
1533558199083059200
1533558199266063104
1533558199470067456
1533558199695072256
1533558199893076480
1533558200085080576
1533558200298085120
1533558200508089600
1533558200715094016
1533558200901097984
1533558201087101952
1533558201312106752
1533558201534111488
1533558201762116352
1533558201993121280
1533558202203125760
1533558202398129920
1533558202605134336
1533558202749137408
1533558202926141184
1533558203106145024
1533558203295149056
1533558203493153280
1533558203700157696
1533558203901161984
1533558204099166208
1533558204297170432
1533558204495174656
1533558204705179136
1533558204828181760
1533558205008185600
1533558205173189120
1533558205404194048
1533558205629198848
1533558205791202304
1533558205992206592
1533558206193210880
1533558206412215552
1533558206598219520
1533558206760222976
1533558206994227968
1533558207210232576
1533558207366235904
1533558207573240320
1533558207753244160
1533558207918247680
1533558208113251840
1533558208320256256
1533558208533260800
1533558208764265728
1533558208974270208
1533558209205275136
1533558209382278912
1533558209625284096
1533558209838288640
1533558210039292928
1533558210285298176
1533558210435301376
1533558210666306304
1533558210846310144
1533558211038314240
1533558211269319168
1533558211464323328
1533558211662327552
1533558211851331584
1533558212040335616
1533558212265340416
1533558212451344384
1533558212658348800
1533558212877353472
1533558213084357888
1533558213288362240
1533558213510366976
1533558213726371584
1533558213891375104
1533558214053378560
1533558214260382976
1533558214452387072
1533558214692392192
1533558214887396352
1533558215067400192
1533558215271404544
1533558215448408320
1533558215661412864
1533558215865417216
1533558216048421120
1533558216189424128
1533558216393428480
1533558216606433024
1533558216807437312
1533558217029442048
1533558217251446784
1533558217443450880
1533558217650455296
1533558217845459456
1533558218034463488
1533558218238467840
1533558218451472384
1533558218643476480
1533558218886481664
1533558219063485440
1533558219264489728
1533558219498494720
1533558219732499712
1533558219945504256
1533558220131508224
1533558220353512960
1533558220545517056
1533558220734521088
1533558220944525568
1533558221133529600
1533558221352534272
1533558221541538304
1533558221754542848
1533558221964547328
1533558222147551232
1533558222375556096
1533558222603560960
1533558222780564736
1533558223014569728
1533558223206573824
1533558223395577856
1533558223617582592
1533558223821586944
1533558224034591488
1533558224226595584
1533558224436600064
1533558224664604928
1533558224874609408
1533558225072613632
1533558225264617728
1533558225489622528
1533558225714627328
1533558225915631616
1533558226098635520
1533558226269639168
1533558226485643776
1533558226722648832
1533558226920653056
1533558227169658368
1533558227361662464
1533558227538666240
1533558227823672320
1533558228012676352
1533558228246681344
1533558228444685568
1533558228684690688
1533558228879694848
1533558229083699200
1533558229329704448
1533558229518708480
1533558229686712064
1533558229908716800
1533558230118721280
1533558230301725184
1533558230526729984
1533558230757734912
1533558230997740032
1533558231186744064
1533558231390748416
1533558231615753216
1533558231822757632
1533558231999761408
1533558232212765952
1533558232404770048
1533558232584773888
1533558232827779072
1533558233091784704
1533558233292788992
1533558233538794240
1533558233718798080
1533558233907802112
1533558234087805952
1533558234321810944
1533558234510814976
1533558234738819840
1533558234945824256
1533558235161828864
1533558235362833152
1533558235587837952
1533558235800842496
1533558235992846592
1533558236199851008
1533558236385854976
1533558236643860480
1533558236823864320
1533558237033868800
1533558237198872320
1533558237393876480
1533558237615881216
1533558237807885312
1533558238020889856
1533558238233894400
1533558238422898432
1533558238608902400
1533558238788906240
1533558239010910976
1533558239214915328
1533558239397919232
1533558239580923136
1533558239844928768
1533558240069933568
1533558240264937728
1533558240474942208
1533558240666946304
1533558240900951296
1533558241098955520
1533558241266959104
1533558241485963776
1533558241656967424
1533558241875972096
1533558242106977024
1533558242340982016
1533558242562986752
1533558242772991232
1533558243012996352
1533558243208000512
1533558243418004992
1533558243610009088
1533558243904015360
1533558244111019776
1533558244306023936
1533558244504028160
1533558244687032064
1533558244876036096
1533558245092040704
1533558245287044864
1533558245476048896
1533558245665052928
1533558245857057024
1533558246058061312
1533558246256065536
1533558246463069952
1533558246679074560
1533558246913079552
1533558247114083840
1533558247330088448
1533558247516092416
1533558247699096320
1533558247903100672
1533558248092104704
1533558248305109248
1533558248482113024
1533558248716118016
1533558248941122816
1533558249142127104
1533558249337131264
1533558249580136448
1533558249808141312
1533558249997145344
1533558250216150016
1533558250420154368
1533558250612158464
1533558250837163264
1533558251014167040
1533558251224171520
1533558251443176192
1533558251626180096
1533558251827184384
1533558252061189376
1533558252250193408
1533558252475198208
1533558252679202560
1533558252874206720
1533558253093211392
1533558253303215872
1533558253483219712
1533558253666223616
1533558253852227584
1533558254044231680
1533558254281236736
1533558254470240768
1533558254695245568
1533558254908250112
1533558255115254528
1533558255313258752
1533558255520263168
1533558255730267648
1533558255982273024
1533558256216278016
1533558256411282176
1533558256612286464
1533558256795290368
1533558256999294720
1533558257173298432
1533558257386302976
1533558257578307072
1533558257773311232
1533558258010316288
1533558258214320640
1533558258421325056
1533558258613329152
1533558258799333120
1533558259027337984
1533558259225342208
1533558259408346112
1533558259597350144
1533558259819354880
1533558260071360256
1533558260263364352
1533558260476368896
1533558260659372800
1533558260848376832
1533558261076381696
1533558261271385856
1533558261469390080
1533558261721395456
1533558261952400384
1533558262150404608
1533558262357409024
1533558262555413248
1533558262783418112
1533558263014423040
1533558263227427584
1533558263398431232
1533558263614435840
1533558263818440192
1533558264001444096
1533558264193448192
1533558264394452480
1533558264610457088
1533558264832461824
1533558264973464832
1533558265171469056
1533558265366473216
1533558265567477504
1533558265780482048
1533558265981486336
1533558266146489856
1533558266386494976
1533558266581499136
1533558266764503040
1533558267010508288
1533558267214512640
1533558267448517632
1533558267643521792
1533558267865526528
1533558268102531584
1533558268297535744
1533558268528540672
1533558268729544960
1533558268960549888
1533558269155554048
1533558269341558016
1533558269554562560
1533558269779567360
1533558269980571648
1533558270202576384
1533558270391580416
1533558270562584064
1533558270751588096
1533558270937592064
1533558271156596736
1533558271357601024
1533558271591606016
1533558271759609600
1533558271972614144
1533558272173618432
1533558272380622848
1533558272590627328
