13945.5  13945.5 4.39227 29.1262 -22.2583 0 0 0
14030.3  14030.3 4.60555 28.9549 -21.9607 0 0 0
14083.1  14083.1 4.4817 28.8453 -22.018 0 0 0
14148.9  14148.9 5.13867 28.7387 -22.0923 0 0 0
14207.8  14207.8 4.25314 29.0513 -22.152 0 0 0
14257.6  14257.6 4.80738 28.7871 -21.9372 0 0 0
14307.5  14307.5 4.66416 28.8968 -22.2936 0 0 0
14357.4  14357.4 4.36603 29.5315 -22.0447 0 0 0
14407.2  14407.2 4.76082 29.2015 -22.3042 0 0 0
14457.1  14457.1 4.95753 29.0991 -22.1595 0 0 0
14507  14507 4.3891 28.9496 -22.0107 0 0 0
14556.8  14556.8 4.16991 29.6221 -21.7887 0 0 0
14606.7  14606.7 4.90096 29.1802 -22.5464 0 0 0
14656.6  14656.6 4.96444 28.7192 -21.7151 0 0 0
14706.4  14706.4 4.5172 29.2405 -22.4294 0 0 0
14756.3  14756.3 4.75305 28.3991 -21.8177 0 0 0
14806.2  14806.2 4.79159 28.7083 -22.4391 0 0 0
14856  14856 4.78682 28.697 -22.094 0 0 0
14905.9  14905.9 4.93732 28.9402 -21.8655 0 0 0
14955.8  14955.8 4.60917 28.9437 -21.8327 0 0 0
15005.6  15005.6 4.63227 28.899 -22.0808 0 0 0
15055.5  15055.5 4.78582 29.6694 -21.8868 0 0 0
15105.4  15105.4 4.97407 28.7772 -22.2217 0 0 0
15155.2  15155.2 5.16921 29.1369 -22.1118 0 0 0
15205.1  15205.1 4.64784 29.0307 -21.6949 0 0 0
15255  15255 4.41677 28.6594 -22.1088 0 0 0
15304.8  15304.8 4.6337 28.4056 -22.4059 0 0 0
15354.7  15354.7 4.55708 28.8294 -22.4641 0 0 0
15404.6  15404.6 5.08834 29.11 -21.7747 0 0 0
15454.4  15454.4 4.63637 29.2445 -21.8342 0 0 0
15504.3  15504.3 4.65062 29.3556 -21.9064 0 0 0
15554.2  15554.2 4.76758 29.2344 -21.6101 0 0 0
15604.1  15604.1 4.99673 28.9361 -21.8895 0 0 0
15654  15654 4.42468 28.9851 -22.3242 0 0 0
15703.8  15703.8 4.67121 28.9733 -21.699 0 0 0
15753.6  15753.6 4.37272 28.5834 -21.6808 0 0 0
15803.5  15803.5 4.54596 28.809 -21.9384 0 0 0
15853.4  15853.4 4.72878 29.1548 -21.9494 0 0 0
15903.3  15903.3 4.48326 28.4245 -22.0562 0 0 0
15953.1  15953.1 4.75991 28.8428 -22.1735 0 0 0
16003  16003 4.87755 28.798 -21.7917 0 0 0
16052.8  16052.8 4.67706 29.1753 -21.8853 0 0 0
16102.7  16102.7 5.23215 29.2904 -22.2086 0 0 0
16152.6  16152.6 5.12505 28.976 -22.5204 0 0 0
16202.4  16202.4 4.77282 28.7572 -21.7337 0 0 0
16252.3  16252.3 4.86253 29.1403 -22.7307 0 0 0
16302.2  16302.2 4.5525 28.9183 -21.7595 0 0 0
16352  16352 4.52862 29.2005 -22.1541 0 0 0
16401.9  16401.9 4.75487 29.1374 -21.7011 0 0 0
16451.8  16451.8 4.90281 28.9618 -22.0163 0 0 0
16501.6  16501.6 4.60987 29.2195 -21.9672 0 0 0
16551.5  16551.5 5.52169 29.2253 -21.6852 0 0 0
16601.4  16601.4 4.63661 28.9547 -21.9893 0 0 0
16651.2  16651.2 4.82938 29.1035 -22.2952 0 0 0
16701.1  16701.1 5.18183 28.772 -22.1585 0 0 0
16751  16751 4.18329 28.5091 -21.7711 0 0 0
16800.8  16800.8 4.95456 29.4222 -22.011 0 0 0
16850.7  16850.7 4.67694 28.9987 -22.1216 0 0 0
16900.6  16900.6 4.8746 29.2097 -22.004 0 0 0
16950.5  16950.5 5.26467 28.9953 -21.7953 0 0 0
17000.3  17000.3 4.26243 29.2924 -22.1457 0 0 0
17050.2  17050.2 4.98894 28.4827 -22.2089 0 0 0
17100  17100 4.8255 29.2922 -21.9267 0 0 0
17149.9  17149.9 4.51928 28.7512 -22.1287 0 0 0
17199.8  17199.8 5.08046 28.6579 -22.1639 0 0 0
17249.6  17249.6 5.00513 28.8151 -21.9439 0 0 0
17299.5  17299.5 4.57019 29.1799 -22.359 0 0 0
17349.4  17349.4 5.0544 28.8813 -22.2927 0 0 0
17399.2  17399.2 4.56122 28.9653 -21.7847 0 0 0
17449.1  17449.1 5.06325 29.356 -22.647 0 0 0
17499  17499 4.7421 28.6603 -21.6895 0 0 0
17548.8  17548.8 4.54319 29.4057 -21.936 0 0 0
17598.7  17598.7 4.70102 28.5747 -21.9392 0 0 0
17648.6  17648.6 4.87113 28.6718 -21.9535 0 0 0
17698.4  17698.4 4.58911 29.043 -22.1727 0 0 0
17748.3  17748.3 5.07957 28.9868 -21.7052 0 0 0
17798.2  17798.2 4.99697 28.8833 -21.9455 0 0 0
17848  17848 4.55723 29.0688 -21.9626 0 0 0
17897.9  17897.9 4.85205 29.0702 -22.0957 0 0 0
17947.8  17947.8 4.6042 29.2998 -21.85 0 0 0
17997.6  17997.6 4.74886 28.9692 -21.9628 0 0 0
18047.5  18047.5 4.70631 29.0859 -21.6888 0 0 0
18097.4  18097.4 5.20277 29.6107 -22.1653 0 0 0
18147.2  18147.2 4.67841 28.7597 -22.1836 0 0 0
18197.1  18197.1 5.13652 28.5954 -22.347 0 0 0
18251.1  18251.1 4.69449 29.4189 -22.0402 0 0 0
18301.1  18301.1 4.6112 28.7556 -22.0043 0 0 0
18350.7  18350.7 4.93221 28.8921 -22.3318 0 0 0
18400.6  18400.6 4.76547 28.8174 -22.2365 0 0 0
18450.4  18450.4 4.55463 29.1154 -22.2702 0 0 0
18500.3  18500.3 4.69532 29.3085 -21.7536 0 0 0
18550.2  18550.2 5.16341 29.0242 -22.0046 0 0 0
18600  18600 4.3997 29.0609 -21.7923 0 0 0
18649.9  18649.9 4.70321 28.4686 -22.4746 0 0 0
18699.8  18699.8 4.3504 28.7836 -21.9393 0 0 0
18749.6  18749.6 4.75499 28.5773 -22.2401 0 0 0
18799.5  18799.5 4.76162 29.1423 -22.2247 0 0 0
18849.4  18849.4 4.41918 28.9455 -22.2348 0 0 0
18899.2  18899.2 4.68476 29.0802 -22.2192 0 0 0
18949.4  18949.4 4.5225 28.863 -22.2429 0 0 0
19001  19001 4.74887 28.633 -22.5257 0 0 0
19050.8  19050.8 4.50421 28.9756 -21.8372 0 0 0
19100.7  19100.7 4.55192 29.0514 -22.0128 0 0 0
19150.6  19150.6 4.50041 29.0287 -22.2805 0 0 0
19200.4  19200.4 4.69975 29.0185 -21.8888 0 0 0
19250.3  19250.3 4.6767 28.5214 -22.099 0 0 0
19300.2  19300.2 5.14497 28.8488 -22.0721 0 0 0
19350  19350 4.27211 28.784 -21.545 0 0 0
19399.9  19399.9 4.62209 28.9778 -22.2667 0 0 0
19449.8  19449.8 5.02931 28.4344 -21.6871 0 0 0
19499.6  19499.6 4.49652 28.8225 -21.8634 0 0 0
19549.5  19549.5 4.99784 28.846 -21.8237 0 0 0
19599.4  19599.4 5.22395 29.1557 -22.4608 0 0 0
19650.5  19650.5 4.43175 29.0883 -21.8628 0 0 0
19700.1  19700.1 5.12937 28.831 -22.5909 0 0 0
19750  19750 4.63225 28.9962 -21.768 0 0 0
19799.8  19799.8 4.49426 28.812 -21.7432 0 0 0
19849.7  19849.7 4.26338 29.178 -22.3416 0 0 0
19899.6  19899.6 4.76856 28.9691 -21.6979 0 0 0
19949.4  19949.4 4.64097 28.8705 -22.0098 0 0 0
19999.3  19999.3 4.83329 28.9087 -21.7128 0 0 0
20049.2  20049.2 4.52633 29.1554 -21.7487 0 0 0
20099.1  20099.1 4.39657 28.9479 -22.1023 0 0 0
20148.9  20148.9 4.50852 28.8418 -21.9171 0 0 0
20198.8  20198.8 4.69817 28.5877 -22.0863 0 0 0
20248.6  20248.6 4.65826 29.4511 -22.1655 0 0 0
20298.5  20298.5 4.68106 29.0039 -22.2577 0 0 0
20348.4  20348.4 4.68275 28.9549 -21.7559 0 0 0
20398.2  20398.2 4.88641 28.8778 -22.2659 0 0 0
20448.1  20448.1 4.70085 29.185 -21.8109 0 0 0
20498  20498 4.5801 28.9347 -22.1407 0 0 0
20547.9  20547.9 4.50379 29.3829 -21.7134 0 0 0
20597.7  20597.7 5.05158 29.2452 -21.6212 0 0 0
20649.6  20649.6 4.9228 28.7631 -21.8268 0 0 0
20699.5  20699.5 5.13415 29.1078 -22.3858 0 0 0
20751.1  20751.1 4.67637 28.7639 -22.0864 0 0 0
20801.1  20801.1 4.76302 29.1134 -21.854 0 0 0
20851.1  20851.1 4.49709 28.8479 -21.7052 0 0 0
20901  20901 4.44935 29.2551 -21.6939 0 0 0
20950.8  20950.8 4.75028 29.2504 -22.1336 0 0 0
21000.6  21000.6 4.71485 29.0182 -22.059 0 0 0
21050.5  21050.5 4.46966 28.934 -22.2303 0 0 0
21100.4  21100.4 4.91144 29.3892 -22.0555 0 0 0
21150.2  21150.2 4.55985 28.9163 -21.7237 0 0 0
21200.1  21200.1 4.48711 28.8694 -22.0726 0 0 0
21250  21250 4.63426 29.0496 -22.2708 0 0 0
21299.8  21299.8 4.92247 29.1042 -22.1593 0 0 0
21349.7  21349.7 4.77488 28.4329 -21.7057 0 0 0
21399.5  21399.5 5.01084 28.8064 -22.681 0 0 0
21449.4  21449.4 4.84022 29.0063 -22.3142 0 0 0
21499.3  21499.3 4.51629 29.1196 -21.936 0 0 0
21549.1  21549.1 5.03754 29.2785 -22.5786 0 0 0
21599  21599 4.78417 28.915 -22.1646 0 0 0
21649.9  21649.9 5.17193 29.2395 -21.8056 0 0 0
21699.7  21699.7 4.51802 28.9354 -21.8152 0 0 0
21749.6  21749.6 4.86875 29.0594 -22.0732 0 0 0
21799.5  21799.5 4.61234 29.3175 -21.8337 0 0 0
21849.3  21849.3 5.15095 28.8663 -22.0941 0 0 0
21899.6  21899.6 5.10088 28.4417 -22.1796 0 0 0
21950  21950 4.60003 29.0927 -22.2362 0 0 0
22017.8  22017.8 4.61302 28.8735 -22.0607 0 0 0
22066.7  22066.7 4.53235 29.3181 -22.2598 0 0 0
22116.8  22116.8 4.63823 29.2295 -21.9709 0 0 0
22183.4  22183.4 4.73242 29.2702 -22.0116 0 0 0
22233.2  22233.2 5.03372 28.4979 -21.9928 0 0 0
22282.5  22282.5 4.61888 29.1851 -21.9495 0 0 0
22331.7  22331.7 4.76734 28.9272 -22.4595 0 0 0
22381.6  22381.6 4.63925 28.7833 -22.1069 0 0 0
22431.5  22431.5 4.68778 28.8927 -22.1234 0 0 0
22481.5  22481.5 4.58298 28.9144 -21.6764 0 0 0
22531.5  22531.5 4.73089 29.1362 -21.5727 0 0 0
22581.4  22581.4 4.88092 28.854 -21.6685 0 0 0
22630.5  22630.5 4.22827 28.7669 -22.027 0 0 0
22695.4  22695.4 4.65633 29.2463 -21.9672 0 0 0
22745.2  22745.2 4.49974 28.8304 -22.0546 0 0 0
22795.1  22795.1 4.74488 29.3282 -22.0976 0 0 0
22845.2  22845.2 4.99478 28.8592 -22.1422 0 0 0
22935  22935 4.76543 29.1221 -21.604 0 0 0
22984.9  22984.9 4.40883 28.554 -21.9011 0 0 0
23034.7  23034.7 4.52062 29.3429 -22.2995 0 0 0
23100.6  23100.6 4.84138 28.8823 -21.6718 0 0 0
23150.4  23150.4 4.6788 28.8877 -22.1915 0 0 0
23200.3  23200.3 4.52703 28.941 -21.8477 0 0 0
23249.6  23249.6 4.26899 29.0827 -21.8382 0 0 0
23299.5  23299.5 4.79558 28.7746 -21.8395 0 0 0
23350.4  23350.4 4.48811 29.1042 -21.6821 0 0 0
23400.2  23400.2 4.81763 28.6311 -21.6952 0 0 0
23449.8  23449.8 4.71207 29.271 -21.6566 0 0 0
23498.6  23498.6 4.64334 29.1171 -22.1677 0 0 0
23547.4  23547.4 4.88723 28.6534 -21.8721 0 0 0
23597.3  23597.3 4.60107 29.3648 -22.4461 0 0 0
23647  23647 4.9119 28.8864 -21.7945 0 0 0
23719.9  23719.9 4.79134 28.779 -22.2437 0 0 0
23769.7  23769.7 4.40286 28.8234 -22.0056 0 0 0
23819.6  23819.6 4.77065 29.3347 -21.788 0 0 0
23869.4  23869.4 4.60227 28.7798 -21.8839 0 0 0
23919.3  23919.3 4.27748 28.785 -22.271 0 0 0
23969.2  23969.2 5.09889 29.3239 -21.9832 0 0 0
24019  24019 4.84802 28.6179 -21.74 0 0 0
24068.9  24068.9 4.82477 28.8723 -21.9159 0 0 0
24118.8  24118.8 4.69797 29.0752 -21.7265 0 0 0
24168.6  24168.6 4.66632 29.1455 -22.0831 0 0 0
24218.5  24218.5 4.61784 28.6099 -21.9011 0 0 0
24268.4  24268.4 4.63676 28.6395 -21.919 0 0 0
24318.2  24318.2 4.49757 28.5323 -22.1503 0 0 0
24368.2  24368.2 4.29054 28.7151 -21.9284 0 0 0
24419  24419 5.01297 28.973 -21.7374 0 0 0
24468.8  24468.8 5.00976 29.2172 -21.8967 0 0 0
24520.7  24520.7 4.77478 28.7724 -22.1453 0 0 0
24570.6  24570.6 4.78698 29.0881 -22.2746 0 0 0
24620.4  24620.4 4.61652 28.8433 -21.9919 0 0 0
24670.3  24670.3 4.19954 29.0998 -22.1128 0 0 0
24720.2  24720.2 4.76627 28.7646 -22.2589 0 0 0
24774  24774 4.47104 28.8945 -21.8664 0 0 0
24823.9  24823.9 4.79995 29.575 -21.8824 0 0 0
24873.8  24873.8 4.43511 28.7585 -21.941 0 0 0
24923.6  24923.6 4.55534 28.9404 -22.0408 0 0 0
24973.5  24973.5 5.18208 29.0313 -21.8008 0 0 0
25023.4  25023.4 4.74628 29.1595 -21.8451 0 0 0
25073.2  25073.2 4.65247 28.3633 -22.187 0 0 0
25123.1  25123.1 4.2806 28.8029 -22.0653 0 0 0
25173  25173 4.83656 28.9366 -21.9202 0 0 0
25222.8  25222.8 4.82245 28.7647 -21.6196 0 0 0
25272.7  25272.7 4.67346 28.7176 -22.137 0 0 0
25332.5  25332.5 4.7325 29.1255 -22.1766 0 0 0
25382.5  25382.5 4.65329 28.7457 -21.9915 0 0 0
25432.3  25432.3 4.90007 28.7143 -21.7467 0 0 0
25482.1  25482.1 5.05747 29.1172 -21.9406 0 0 0
25535  25535 4.93998 28.8544 -21.7723 0 0 0
25585  25585 4.49225 28.8092 -21.9782 0 0 0
25634.7  25634.7 4.87852 28.695 -21.7478 0 0 0
25684.6  25684.6 4.4787 29.1273 -21.9062 0 0 0
25736.4  25736.4 4.75567 28.7357 -22.3571 0 0 0
25786.3  25786.3 4.97284 29.6017 -21.8083 0 0 0
25836.2  25836.2 4.72148 28.9013 -21.9946 0 0 0
25886.1  25886.1 5.04332 28.7006 -21.9462 0 0 0
25952.9  25952.9 4.77777 28.8555 -21.5206 0 0 0
26002.7  26002.7 4.70595 28.74 -21.7109 0 0 0
26052.7  26052.7 5.32552 29.2522 -21.7128 0 0 0
26102.5  26102.5 4.26726 28.8852 -22.2568 0 0 0
26155.4  26155.4 4.37897 28.9161 -22.4768 0 0 0
26205.2  26205.2 4.66642 29.0276 -21.6108 0 0 0
26255.1  26255.1 4.68162 28.4766 -22.2316 0 0 0
26348.8  26348.8 4.22426 28.8763 -21.8672 0 0 0
26398.7  26398.7 4.67605 28.7171 -22.3212 0 0 0
26448.5  26448.5 4.74373 29.1378 -22.5556 0 0 0
26498.4  26498.4 4.7823 28.9332 -21.6529 0 0 0
26548.3  26548.3 4.64204 28.7434 -21.8031 0 0 0
26598.3  26598.3 4.46693 28.9976 -22.086 0 0 0
26648  26648 4.82772 28.4476 -22.2976 0 0 0
26697.9  26697.9 4.66162 29.1087 -22.1938 0 0 0
26747.7  26747.7 4.91875 29.0602 -22.3404 0 0 0
26798.3  26798.3 4.90738 28.7756 -21.9848 0 0 0
26847.5  26847.5 4.58304 28.6042 -22.7646 0 0 0
26903.3  26903.3 4.48704 27.84 -23.2412 0 0 0
26953.2  26953.2 4.89704 26.8619 -23.7642 0 0 0
27003.2  27003.2 4.43729 27.1125 -24.0137 0 0 0
27052.9  27052.9 4.7522 27.2751 -24.1112 0 0 0
27102.8  27102.8 5.02257 27.1191 -23.9258 0 0 0
27152.7  27152.7 4.49671 27.0481 -24.5477 0 0 0
27202.5  27202.5 4.69593 26.5126 -24.3973 0 0 0
27252.5  27252.5 4.55875 26.8587 -24.85 0 0 0
27302.3  27302.3 4.86916 26.6772 -24.0856 0 0 0
27352.1  27352.1 4.43954 26.8679 -25.507 0 0 0
27402.6  27402.6 5.0044 27.4326 -23.0322 0 0 0
27452.9  27452.9 4.36992 28.7479 -22.4316 0 0 0
27525.7  27525.7 5.10583 29.0016 -22.0924 0 0 0
27575.5  27575.5 4.61185 29.3492 -21.5768 0 0 0
27625.4  27625.4 5.15934 29.6235 -21.5271 0 0 0
27675.3  27675.3 4.91691 29.7583 -21.4603 0 0 0
27725.2  27725.2 4.5622 29.9023 -20.4424 0 0 0
27775  27775 4.47747 30.0858 -20.2592 0 0 0
27824.9  27824.9 4.91371 29.9203 -20.7562 0 0 0
27874.7  27874.7 5.0193 29.9912 -20.3848 0 0 0
27924.6  27924.6 4.80898 29.9127 -21.2256 0 0 0
27974.5  27974.5 5.34381 29.7809 -20.4487 0 0 0
28038.3  28038.3 4.59505 29.4146 -21.0424 0 0 0
28088.2  28088.2 4.72543 29.9925 -20.9921 0 0 0
28138  28138 4.81562 29.5699 -20.8031 0 0 0
28187.9  28187.9 4.72119 29.6791 -21.1807 0 0 0
28239.8  28239.8 5.06926 30.1696 -21.2917 0 0 0
28289.6  28289.6 4.20769 29.7592 -21.2404 0 0 0
28339.5  28339.5 5.08337 29.6658 -21.2285 0 0 0
28389.6  28389.6 4.69689 29.4241 -21.2614 0 0 0
28441.2  28441.2 4.99281 30.0299 -21.4299 0 0 0
28493.9  28493.9 4.76488 29.3386 -21.244 0 0 0
28543.9  28543.9 4.77978 29.906 -21.1598 0 0 0
28593.8  28593.8 4.94177 29.3123 -21.4687 0 0 0
28643.7  28643.7 4.51068 29.2102 -21.677 0 0 0
28695  28695 5.02564 29.3889 -21.3465 0 0 0
28744.4  28744.4 5.09274 29.4952 -22.0072 0 0 0
28794.3  28794.3 4.72014 29.0228 -22.0296 0 0 0
28844.1  28844.1 4.73176 29.3834 -21.579 0 0 0
28914.2  28914.2 5.05135 28.9333 -21.2323 0 0 0
28963.8  28963.8 4.8444 29.5587 -21.3652 0 0 0
29013.7  29013.7 4.32269 28.7286 -21.7585 0 0 0
29063.6  29063.6 4.71657 29.1503 -21.7491 0 0 0
29113.4  29113.4 4.2964 29.5996 -22.2068 0 0 0
29164.3  29164.3 4.4395 29.1116 -21.9404 0 0 0
29214.2  29214.2 4.90517 29.4095 -22.3358 0 0 0
29264  29264 5.00212 28.8637 -21.7301 0 0 0
29313.9  29313.9 4.71966 28.9148 -21.5935 0 0 0
29363.7  29363.7 5.01253 28.8935 -22.1455 0 0 0
29413.7  29413.7 4.5068 28.5986 -22.9611 0 0 0
29463.5  29463.5 4.72958 27.931 -23.1397 0 0 0
29513.3  29513.3 4.38183 27.7704 -24.0809 0 0 0
29563.2  29563.2 4.74685 27.4659 -24.1036 0 0 0
29613.1  29613.1 5.1148 27.1901 -24.1222 0 0 0
29662.9  29662.9 4.79678 26.8452 -24.0447 0 0 0
29712.8  29712.8 4.70559 26.7815 -24.5801 0 0 0
29779.6  29779.6 4.96097 26.693 -24.7725 0 0 0
29829.5  29829.5 4.52128 27.0181 -24.6584 0 0 0
29879.4  29879.4 4.78953 26.5813 -24.6295 0 0 0
29929.2  29929.2 4.47652 27.6804 -23.7614 0 0 0
29982.1  29982.1 4.68888 28.5962 -22.8425 0 0 0
30032  30032 4.56654 28.511 -22.2994 0 0 0
30081.8  30081.8 4.75729 28.7998 -21.628 0 0 0
30131.7  30131.7 5.22863 30.0337 -21.1626 0 0 0
30181.6  30181.6 4.57832 29.7138 -20.9551 0 0 0
30231.4  30231.4 4.21201 29.8606 -20.4678 0 0 0
30281.6  30281.6 4.18208 29.7452 -20.5367 0 0 0
30332.2  30332.2 4.53558 29.76 -20.9543 0 0 0
30382  30382 4.80216 29.3879 -20.9439 0 0 0
30431.9  30431.9 4.84582 29.8265 -20.7418 0 0 0
30481.8  30481.8 4.5985 29.8844 -21.083 0 0 0
30531.6  30531.6 4.94924 29.4898 -20.7303 0 0 0
30586.5  30586.5 5.11626 29.6737 -20.727 0 0 0
30636.4  30636.4 4.90713 29.687 -20.447 0 0 0
30686.2  30686.2 5.17835 29.6697 -20.785 0 0 0
30736.1  30736.1 4.94604 29.5014 -20.777 0 0 0
30785.9  30785.9 4.99445 29.6671 -21.4877 0 0 0
30835.8  30835.8 4.26761 29.4643 -21.2294 0 0 0
30885.7  30885.7 4.64971 29.394 -21.4997 0 0 0
30935.6  30935.6 5.02082 29.2757 -21.5288 0 0 0
30985.4  30985.4 4.81423 29.1358 -21.3206 0 0 0
31035.3  31035.3 4.75559 29.7577 -21.2862 0 0 0
31085.1  31085.1 4.80647 29.5541 -21.1851 0 0 0
31135  31135 4.58932 29.6452 -21.9357 0 0 0
31184.9  31184.9 5.13805 29.1633 -21.7238 0 0 0
31234.7  31234.7 4.97151 29.9004 -21.4222 0 0 0
31284.6  31284.6 4.60231 29.2283 -20.7672 0 0 0
31334.5  31334.5 4.66463 29.2039 -21.5495 0 0 0
31384.3  31384.3 4.8042 29.3035 -21.8515 0 0 0
31434.2  31434.2 4.82947 29.3956 -21.5079 0 0 0
31484.1  31484.1 4.76547 28.9604 -21.5058 0 0 0
31534  31534 5.20054 29.1121 -22.095 0 0 0
31596.8  31596.8 4.567 29.1979 -21.4099 0 0 0
31646.7  31646.7 4.79104 28.9148 -21.7742 0 0 0
31696.5  31696.5 4.95794 29.2277 -21.4708 0 0 0
31746.4  31746.4 4.86771 29.0738 -21.7797 0 0 0
31796.2  31796.2 4.78518 28.228 -22.7922 0 0 0
31848.1  31848.1 5.01984 27.6145 -23.3071 0 0 0
31898  31898 4.96698 27.6064 -23.4808 0 0 0
31947.8  31947.8 4.528 27.3085 -24.2764 0 0 0
31997.7  31997.7 5.30645 27.2275 -24.1216 0 0 0
32050.6  32050.6 4.70124 27.0588 -24.4578 0 0 0
32100.4  32100.4 4.98654 26.5088 -24.2175 0 0 0
32150.3  32150.3 4.84643 26.875 -24.2019 0 0 0
32200.2  32200.2 4.90167 26.9423 -24.5576 0 0 0
32251  32251 4.33799 27.3453 -24.8494 0 0 0
32300.9  32300.9 4.74533 27.2286 -24.7377 0 0 0
32350.8  32350.8 5.13273 27.6629 -23.5565 0 0 0
32400.6  32400.6 4.95543 28.8833 -22.4398 0 0 0
32453.5  32453.5 4.62238 28.7771 -21.8988 0 0 0
32503.4  32503.4 4.68611 29.259 -21.7208 0 0 0
32553.2  32553.2 5.28733 29.4409 -21.1995 0 0 0
32603.1  32603.1 4.54216 30.0541 -21.0865 0 0 0
32653  32653 4.63345 29.4707 -20.4763 0 0 0
32702.8  32702.8 4.77143 29.6959 -20.5996 0 0 0
32752.7  32752.7 4.3075 29.8035 -20.8516 0 0 0
32802.6  32802.6 5.00447 29.7335 -20.776 0 0 0
32852.5  32852.5 4.7416 30.1 -20.6536 0 0 0
32902.3  32902.3 4.66656 29.8109 -20.2196 0 0 0
32952.2  32952.2 4.92409 29.9899 -20.1514 0 0 0
33002  33002 4.61662 29.6225 -20.7701 0 0 0
33051.9  33051.9 4.87966 29.6616 -20.7707 0 0 0
33101.8  33101.8 5.05326 30.1484 -20.8951 0 0 0
33151.6  33151.6 4.76386 29.556 -21.2153 0 0 0
33201.6  33201.6 5.03626 29.6529 -20.6384 0 0 0
33251.4  33251.4 4.26505 29.1823 -21.2252 0 0 0
33301.2  33301.2 4.82756 29.7922 -21.4292 0 0 0
33351.1  33351.1 4.51959 29.3952 -21.6486 0 0 0
33401  33401 4.46099 29.1457 -21.3097 0 0 0
33450.8  33450.8 4.30897 29.6427 -21.0599 0 0 0
33500.7  33500.7 4.72558 28.8261 -21.3268 0 0 0
33563.5  33563.5 4.76076 29.0126 -21.4618 0 0 0
33613.4  33613.4 4.43592 29.3614 -21.1676 0 0 0
33663.3  33663.3 4.68714 29.6813 -21.5162 0 0 0
33713.1  33713.1 4.6117 29.0869 -21.7597 0 0 0
33764  33764 4.12863 29.1808 -21.8041 0 0 0
33814  33814 4.62318 29.579 -21.1748 0 0 0
33863.7  33863.7 4.83538 28.9933 -21.9176 0 0 0
33914.3  33914.3 4.43393 29.3803 -21.3546 0 0 0
33975.4  33975.4 4.82308 29.4783 -21.7476 0 0 0
34025.3  34025.3 4.70181 28.3074 -22.2187 0 0 0
34075.2  34075.2 4.44391 28.4763 -23.1024 0 0 0
34125  34125 4.5502 27.2961 -23.4883 0 0 0
34178.9  34178.9 5.00306 27.2663 -23.8829 0 0 0
34228.7  34228.7 4.95977 27.3834 -24.3066 0 0 0
34278.6  34278.6 5.10354 26.4658 -24.5345 0 0 0
34328.5  34328.5 4.93131 27.0127 -24.2967 0 0 0
34378.3  34378.3 4.65362 27.2888 -24.4306 0 0 0
34428.2  34428.2 4.77219 26.599 -24.8457 0 0 0
34478.1  34478.1 4.87023 26.4014 -24.7023 0 0 0
34527.9  34527.9 4.65246 26.6212 -24.2251 0 0 0
34577.8  34577.8 4.41606 27.6212 -23.6428 0 0 0
34627.7  34627.7 4.47061 28.5085 -22.792 0 0 0
34677.6  34677.6 4.84477 28.6158 -21.8828 0 0 0
34727.5  34727.5 4.63883 29.7296 -21.4979 0 0 0
34777.3  34777.3 4.70274 29.9322 -21.4264 0 0 0
34827.2  34827.2 4.40335 29.5556 -21.2307 0 0 0
34877  34877 4.84264 30.0392 -20.7053 0 0 0
34926.9  34926.9 4.46998 30.0859 -20.2823 0 0 0
34976.8  34976.8 5.25784 29.7275 -20.8773 0 0 0
35026.6  35026.6 4.6599 29.8191 -20.6911 0 0 0
35076.5  35076.5 4.56389 29.8576 -20.5204 0 0 0
35126.4  35126.4 4.42999 29.8682 -20.8859 0 0 0
35176.2  35176.2 4.70826 29.5937 -20.3864 0 0 0
35226.1  35226.1 4.76962 29.6471 -20.8362 0 0 0
35275.9  35275.9 4.65199 29.9474 -20.4578 0 0 0
35325.8  35325.8 4.64823 30.3093 -21.1212 0 0 0
35375.7  35375.7 4.88516 30.1398 -21.1117 0 0 0
35425.6  35425.6 4.84011 29.3513 -20.8857 0 0 0
35502.4  35502.4 4.93296 29.3143 -21.433 0 0 0
35552.2  35552.2 4.32899 29.9093 -21.5408 0 0 0
35602.1  35602.1 4.44729 29.4373 -21.0985 0 0 0
35651.9  35651.9 4.73193 29.961 -21.076 0 0 0
35707.8  35707.8 4.84961 28.9728 -21.3939 0 0 0
35757.7  35757.7 4.94726 29.5317 -21.6441 0 0 0
35807.5  35807.5 5.00472 29.3282 -21.5412 0 0 0
35859.6  35859.6 4.79918 29.0225 -21.6211 0 0 0
35909.3  35909.3 4.47895 29.1298 -21.5979 0 0 0
35959.1  35959.1 4.26802 29.0755 -21.0054 0 0 0
36009  36009 4.92884 29.5313 -21.5939 0 0 0
36060.4  36060.4 5.29282 29.158 -21.5267 0 0 0
36109.8  36109.8 4.55506 29.2568 -21.7981 0 0 0
36159.6  36159.6 4.92538 29.2061 -21.4681 0 0 0
36209.4  36209.4 4.59621 29.2192 -21.7256 0 0 0
36259.3  36259.3 4.65977 29.3119 -21.7092 0 0 0
36310.2  36310.2 5.07224 29.0365 -21.5545 0 0 0
36360  36360 4.81935 29.1487 -21.7703 0 0 0
36409.9  36409.9 4.34232 29.4142 -22.0381 0 0 0
36479.7  36479.7 4.3928 28.858 -21.8899 0 0 0
36529.6  36529.6 4.90505 29.33 -22.0073 0 0 0
36579.5  36579.5 4.31599 28.9956 -21.7104 0 0 0
36629.4  36629.4 4.78653 28.7479 -21.6096 0 0 0
36679.2  36679.2 4.71718 28.5791 -22.0016 0 0 0
36729.1  36729.1 4.64299 29.5574 -22.0258 0 0 0
36778.9  36778.9 5.04175 28.3999 -22.8012 0 0 0
36828.8  36828.8 4.69948 27.684 -23.1664 0 0 0
36878.7  36878.7 4.6419 27.2926 -23.8002 0 0 0
36928.5  36928.5 4.64775 27.6131 -24.3595 0 0 0
36978.4  36978.4 4.82152 27.5284 -24.1111 0 0 0
37028.3  37028.3 4.31071 26.918 -24.4252 0 0 0
37078.2  37078.2 4.73045 26.8917 -24.3394 0 0 0
37128  37128 5.17844 27.1022 -24.4368 0 0 0
37179.9  37179.9 5.01229 26.4564 -24.0755 0 0 0
37229.7  37229.7 5.06279 26.8629 -24.84 0 0 0
37279.6  37279.6 4.5148 26.9164 -24.722 0 0 0
37329.5  37329.5 4.87069 27.4659 -23.4012 0 0 0
37379.4  37379.4 5.01643 27.7912 -22.627 0 0 0
37429.2  37429.2 5.1592 28.9608 -21.931 0 0 0
37479.1  37479.1 4.7509 29.5958 -21.3363 0 0 0
37529  37529 4.55029 29.056 -21.8652 0 0 0
37578.8  37578.8 4.01972 29.502 -21.4353 0 0 0
37628.7  37628.7 4.32123 29.8328 -20.9672 0 0 0
37681.5  37681.5 4.80358 30.3403 -20.6517 0 0 0
37731.4  37731.4 4.53776 29.9057 -20.7661 0 0 0
37781.2  37781.2 4.59488 30.0559 -20.5139 0 0 0
37831.1  37831.1 5.06854 29.8772 -20.3676 0 0 0
37881  37881 4.70726 29.6714 -20.6343 0 0 0
37930.9  37930.9 4.9103 29.6177 -20.6725 0 0 0
37980.8  37980.8 5.11797 29.8922 -21.5369 0 0 0
38030.6  38030.6 4.12802 29.7581 -20.6622 0 0 0
38080.4  38080.4 4.41868 29.417 -21.0385 0 0 0
38130.3  38130.3 4.44756 29.3632 -20.7402 0 0 0
38180.2  38180.2 4.5912 29.1093 -20.9279 0 0 0
38230  38230 4.72574 28.9505 -21.132 0 0 0
38279.9  38279.9 4.69172 29.7503 -20.9716 0 0 0
38329.8  38329.8 4.85647 29.3944 -21.1629 0 0 0
38379.7  38379.7 4.63717 29.586 -21.112 0 0 0
38432.5  38432.5 4.71046 29.5574 -20.9746 0 0 0
38482.4  38482.4 4.58795 29.6625 -21.8146 0 0 0
38535.5  38535.5 5.02149 29.0022 -21.4586 0 0 0
38590.1  38590.1 5.15367 29.4828 -21.2612 0 0 0
38648  38648 4.68665 29.4055 -21.5471 0 0 0
38697.8  38697.8 5.17525 29.1272 -21.5856 0 0 0
38748  38748 4.64064 29.2157 -22.0895 0 0 0
38797.6  38797.6 4.82927 29.4663 -21.4017 0 0 0
38848.4  38848.4 4.40602 29.3002 -21.5168 0 0 0
38898.3  38898.3 4.86131 30.2596 -21.3725 0 0 0
38948.1  38948.1 4.92937 29.5306 -21.3994 0 0 0
38998.2  38998.2 5.06028 29.0959 -21.7683 0 0 0
39061.1  39061.1 5.23563 28.8883 -21.7115 0 0 0
39110.7  39110.7 4.86158 29.0275 -21.9636 0 0 0
39160.6  39160.6 5.07856 29.1085 -21.7721 0 0 0
39210.4  39210.4 4.80196 29.0484 -21.9265 0 0 0
39260.3  39260.3 4.87574 28.2963 -22.821 0 0 0
39316.2  39316.2 4.55195 27.8433 -23.5857 0 0 0
39366  39366 4.75694 27.202 -23.7231 0 0 0
39415.9  39415.9 5.078 27.0869 -24.0268 0 0 0
39465.7  39465.7 4.29137 27.2861 -23.6461 0 0 0
39517.6  39517.6 4.32878 26.9672 -24.2738 0 0 0
39567.6  39567.6 4.65505 26.5671 -24.4697 0 0 0
39617.4  39617.4 4.78382 26.752 -24.4993 0 0 0
39667.2  39667.2 5.03978 26.8946 -24.9053 0 0 0
39727  39727 4.93572 26.8372 -25.1833 0 0 0
39776.9  39776.9 4.59728 27.1291 -24.5631 0 0 0
39826.8  39826.8 4.49154 27.6927 -23.9715 0 0 0
39876.7  39876.7 5.05599 28.9112 -22.2913 0 0 0
39937.5  39937.5 4.8914 29.4088 -21.9881 0 0 0
39987.4  39987.4 4.45316 29.6778 -21.0284 0 0 0
40037.2  40037.2 4.6999 29.4659 -20.9376 0 0 0
40087.1  40087.1 4.53446 29.9337 -21.0988 0 0 0
40141  40141 4.55462 30.0063 -20.9328 0 0 0
40190.8  40190.8 4.52902 29.6644 -20.7495 0 0 0
40240.7  40240.7 5.06128 29.9202 -20.6319 0 0 0
40290.5  40290.5 4.76873 30.4672 -21.0577 0 0 0
40340.4  40340.4 4.66911 29.9694 -20.3425 0 0 0
40394.3  40394.3 4.43162 29.8128 -20.4938 0 0 0
40444.1  40444.1 5.1465 29.8169 -20.8228 0 0 0
40494  40494 4.93868 29.8192 -20.9411 0 0 0
40543.9  40543.9 4.71457 30.0156 -20.7627 0 0 0
40593.7  40593.7 4.68749 29.9073 -21.5504 0 0 0
40643.6  40643.6 5.08609 29.5956 -21.0962 0 0 0
40693.5  40693.5 4.50551 29.8418 -20.9869 0 0 0
40743.3  40743.3 5.18673 29.4751 -21.3812 0 0 0
40793.2  40793.2 4.7966 29.8102 -21.151 0 0 0
40843.1  40843.1 4.55959 29.4012 -21.0996 0 0 0
40892.9  40892.9 4.67799 29.4394 -21.5683 0 0 0
40942.8  40942.8 4.60234 29.4312 -21.4911 0 0 0
40992.7  40992.7 4.60639 29.6366 -21.1894 0 0 0
41042.5  41042.5 4.51893 29.1911 -21.19 0 0 0
41092.4  41092.4 4.81988 29.3363 -21.6135 0 0 0
41142.3  41142.3 4.72712 29.4294 -20.9357 0 0 0
41192.1  41192.1 4.55214 29.5427 -21.5224 0 0 0
41242  41242 5.13623 28.8952 -21.7676 0 0 0
41291.9  41291.9 5.15608 28.7856 -21.413 0 0 0
41341.8  41341.8 4.54111 28.8454 -21.7383 0 0 0
41391.6  41391.6 4.42169 29.158 -21.6637 0 0 0
41441.7  41441.7 4.67212 29.372 -21.5737 0 0 0
41491.4  41491.4 4.89668 29.2859 -21.6927 0 0 0
41541.2  41541.2 4.55726 29.582 -21.8927 0 0 0
41593.1  41593.1 5.14636 29.1502 -22.014 0 0 0
41642.9  41642.9 5.24026 29.2407 -21.6515 0 0 0
41692.8  41692.8 4.25236 28.8908 -21.772 0 0 0
41742.7  41742.7 4.72085 29.1975 -22.3396 0 0 0
41792.5  41792.5 4.50574 29.5764 -22.0428 0 0 0
41842.4  41842.4 4.89226 28.8928 -21.8872 0 0 0
41892.3  41892.3 4.70286 29.082 -21.683 0 0 0
41942.2  41942.2 4.68913 28.9771 -21.9956 0 0 0
41992  41992 5.25835 29.3206 -21.6318 0 0 0
42041.9  42041.9 4.76651 29.0047 -21.634 0 0 0
42091.9  42091.9 4.89968 29.2819 -21.936 0 0 0
42143.8  42143.8 4.93545 29.1763 -21.7128 0 0 0
42193.5  42193.5 4.85272 29.4198 -21.4167 0 0 0
42243.3  42243.3 4.45363 28.8413 -22.5268 0 0 0
42293.2  42293.2 4.85092 27.5276 -23.4164 0 0 0
42366  42366 4.76623 27.4583 -24.2353 0 0 0
42415.9  42415.9 4.56787 27.3804 -23.8517 0 0 0
42466  42466 4.69622 27.2699 -24.2701 0 0 0
42515.8  42515.8 5.01946 27.033 -24.6414 0 0 0
42566.5  42566.5 4.35766 26.8617 -24.5902 0 0 0
42616.3  42616.3 5.21599 26.5701 -24.8553 0 0 0
42666.2  42666.2 4.99569 26.5359 -24.845 0 0 0
42716.1  42716.1 4.82352 26.7723 -23.9282 0 0 0
42767.9  42767.9 4.77299 26.9798 -24.629 0 0 0
42817.8  42817.8 5.05441 28.1594 -23.2174 0 0 0
42867.7  42867.7 5.0363 28.4248 -22.2798 0 0 0
42917.5  42917.5 4.53611 29.1104 -22.0516 0 0 0
42968.4  42968.4 4.43571 29.511 -21.9528 0 0 0
43018.2  43018.2 4.92898 29.6162 -21.2719 0 0 0
43068.1  43068.1 4.7845 30.1381 -20.8068 0 0 0
43118  43118 4.57814 29.6226 -20.5618 0 0 0
43168.9  43168.9 4.17272 29.9273 -21.2863 0 0 0
43218.7  43218.7 4.92594 30.2198 -20.8663 0 0 0
43268.6  43268.6 4.38093 29.9883 -20.8768 0 0 0
43318.5  43318.5 4.82239 29.8982 -20.9464 0 0 0
43368.3  43368.3 4.56321 29.5947 -20.5479 0 0 0
43419.2  43419.2 4.8456 29.3076 -20.7639 0 0 0
43469.1  43469.1 4.63137 29.9057 -21.0972 0 0 0
43519  43519 4.55224 29.4951 -20.7569 0 0 0
43568.9  43568.9 4.84194 29.9247 -20.9074 0 0 0
43640.6  43640.6 4.51031 29.4056 -21.178 0 0 0
43690.5  43690.5 4.71939 29.821 -21.1498 0 0 0
43740.3  43740.3 4.79973 29.7105 -21.0984 0 0 0
43790.2  43790.2 4.75742 29.3638 -21.0866 0 0 0
43855  43855 4.51259 29.3098 -21.3028 0 0 0
43904.9  43904.9 4.46872 29.1947 -21.3561 0 0 0
43954.8  43954.8 4.67715 29.6975 -21.9441 0 0 0
44004.7  44004.7 4.79443 29.9621 -21.5564 0 0 0
44054.5  44054.5 4.29209 29.4723 -21.4921 0 0 0
44104.3  44104.3 4.32343 29.2066 -21.6253 0 0 0
44157.2  44157.2 4.66707 29.2202 -21.6462 0 0 0
44207.1  44207.1 4.57263 29.6086 -21.5363 0 0 0
44256.9  44256.9 5.11967 28.9692 -20.9971 0 0 0
44306.8  44306.8 4.36404 28.9175 -21.8826 0 0 0
44356.7  44356.7 4.88663 29.0916 -21.7734 0 0 0
44408.5  44408.5 4.60991 29.1286 -21.7567 0 0 0
44458.4  44458.4 4.68969 29.1138 -21.7367 0 0 0
44508.3  44508.3 4.34636 28.8639 -21.705 0 0 0
44558.1  44558.1 4.8285 29.2973 -21.7519 0 0 0
44609  44609 5.41239 29.1119 -21.7348 0 0 0
44658.9  44658.9 4.49115 28.9393 -21.5775 0 0 0
44708.7  44708.7 4.72231 28.8873 -21.5571 0 0 0
44758.6  44758.6 4.92256 28.325 -22.7352 0 0 0
44808.5  44808.5 4.71183 27.5762 -23.0278 0 0 0
44858.3  44858.3 4.61456 27.2065 -23.8522 0 0 0
44908.2  44908.2 4.34568 26.7593 -24.3749 0 0 0
44958.1  44958.1 4.63329 26.5514 -24.2858 0 0 0
45013.4  45013.4 4.2865 27.0999 -24.2411 0 0 0
45062.8  45062.8 4.83517 26.8815 -24.4068 0 0 0
45112.7  45112.7 4.79296 26.9929 -24.7072 0 0 0
45162.5  45162.5 4.82098 26.5571 -24.2365 0 0 0
45215.4  45215.4 5.11409 26.9078 -24.7611 0 0 0
45265.3  45265.3 4.83159 26.9984 -24.1674 0 0 0
45315.1  45315.1 4.43652 27.8895 -22.9347 0 0 0
45366.9  45366.9 4.67365 29.0898 -22.1928 0 0 0
45416.9  45416.9 4.20366 29.1794 -22.0786 0 0 0
45466.7  45466.7 5.39749 29.4254 -21.2775 0 0 0
45516.6  45516.6 4.77749 29.9482 -20.7272 0 0 0
45567.4  45567.4 4.43309 29.862 -20.7963 0 0 0
45617.3  45617.3 4.90992 29.8693 -21.3539 0 0 0
45667.2  45667.2 4.42405 29.7403 -20.698 0 0 0
45717  45717 4.47134 29.324 -20.4905 0 0 0
45766.9  45766.9 4.65482 29.9315 -20.8927 0 0 0
45817.8  45817.8 4.7455 29.7694 -20.4667 0 0 0
45867.6  45867.6 4.42584 30.2101 -20.3099 0 0 0
45917.5  45917.5 4.80416 29.4825 -21.0068 0 0 0
45967.4  45967.4 5.07655 29.8593 -21.0265 0 0 0
46017.3  46017.3 4.6222 29.8742 -20.7727 0 0 0
46067.1  46067.1 4.83443 29.5716 -20.8609 0 0 0
46117  46117 4.47759 29.2006 -21.3316 0 0 0
46166.8  46166.8 5.06173 29.5753 -21.0552 0 0 0
46216.7  46216.7 4.86682 29.2464 -21.298 0 0 0
46266.6  46266.6 4.99346 29.5078 -21.5033 0 0 0
46316.5  46316.5 5.0369 29.0999 -21.1956 0 0 0
46366.3  46366.3 4.78967 29.4098 -21.1899 0 0 0
46416.2  46416.2 5.25771 28.8017 -21.4532 0 0 0
46466  46466 4.73877 29.7259 -22.0215 0 0 0
46519.9  46519.9 4.75246 29.7959 -21.5243 0 0 0
46569.8  46569.8 4.39692 29.1476 -21.4019 0 0 0
46619.6  46619.6 4.82239 29.5191 -21.79 0 0 0
46669.5  46669.5 4.81198 29.4198 -22.0168 0 0 0
46733.3  46733.3 4.77118 29.1658 -21.8098 0 0 0
46783.2  46783.2 4.68693 29.1741 -21.5133 0 0 0
46833.1  46833.1 4.28738 29.4505 -20.9992 0 0 0
46883  46883 5.35555 28.9658 -21.9027 0 0 0
46947.8  46947.8 4.77164 28.7896 -21.7043 0 0 0
46997.6  46997.6 4.94022 28.9823 -21.4877 0 0 0
47047.5  47047.5 4.78903 29.7313 -21.7737 0 0 0
47097.4  47097.4 4.60979 29.445 -21.654 0 0 0
47163.2  47163.2 4.25843 29.0681 -21.6344 0 0 0
47213  47213 4.7224 28.8709 -22.0825 0 0 0
47262.9  47262.9 4.5353 29.36 -21.4273 0 0 0
47312.8  47312.8 4.31535 29.0174 -21.8789 0 0 0
47362.6  47362.6 4.73808 28.8365 -22.3595 0 0 0
47420.5  47420.5 4.56025 29.3359 -22.1317 0 0 0
47470.3  47470.3 4.80768 28.9635 -21.8837 0 0 0
47520.2  47520.2 4.64061 28.9122 -21.6901 0 0 0
47573.1  47573.1 4.78665 28.6761 -21.955 0 0 0
47623  47623 4.95251 29.2896 -22.3131 0 0 0
47672.8  47672.8 5.042 28.8244 -21.8209 0 0 0
47722.7  47722.7 5.08634 28.7236 -22.6201 0 0 0
47775.5  47775.5 5.13108 28.3298 -22.6661 0 0 0
47825.4  47825.4 4.81001 27.1295 -23.9205 0 0 0
47875.3  47875.3 4.74288 27.5262 -23.9092 0 0 0
47925.4  47925.4 4.52362 27.3572 -24.0623 0 0 0
47975  47975 4.4732 26.995 -24.5513 0 0 0
48024.9  48024.9 4.81958 27.0062 -24.3243 0 0 0
48074.7  48074.7 4.59982 26.719 -24.0412 0 0 0
48124.6  48124.6 5.12919 26.8721 -24.3607 0 0 0
48174.5  48174.5 4.79689 26.339 -24.6504 0 0 0
48224.3  48224.3 4.90916 27.1677 -24.7729 0 0 0
48274.2  48274.2 4.92164 27.3093 -23.1641 0 0 0
48327.1  48327.1 4.4644 28.0363 -22.5535 0 0 0
48397.9  48397.9 4.03862 29.0041 -22.0942 0 0 0
48447.7  48447.7 4.86492 29.0529 -21.4596 0 0 0
48497.6  48497.6 4.87242 29.5797 -21.297 0 0 0
48547.5  48547.5 5.01278 29.5587 -21.1837 0 0 0
48600.6  48600.6 4.66935 30.045 -21.0509 0 0 0
48650.2  48650.2 4.56974 29.4803 -21.0006 0 0 0
48700.1  48700.1 4.8616 29.2801 -20.5096 0 0 0
48750  48750 5.00887 29.7233 -20.7018 0 0 0
48801.8  48801.8 4.59026 29.4808 -20.9947 0 0 0
48851.7  48851.7 4.44379 29.8157 -21.2471 0 0 0
48901.5  48901.5 4.70912 29.5668 -20.9396 0 0 0
48951.5  48951.5 4.36086 29.4914 -21.0853 0 0 0
49006.2  49006.2 4.55443 29.882 -20.5901 0 0 0
49056.1  49056.1 5.08273 29.5489 -21.1724 0 0 0
49106  49106 4.72534 29.2972 -21.2694 0 0 0
49156.9  49156.9 4.55035 29.5787 -21.2203 0 0 0
49206.7  49206.7 4.34299 29.4975 -21.4773 0 0 0
49256.6  49256.6 5.01004 29.5579 -21.021 0 0 0
49306.4  49306.4 4.84214 29.7585 -21.2951 0 0 0
49356.3  49356.3 4.92413 29.2596 -20.7762 0 0 0
49406.2  49406.2 4.8436 29.8712 -21.1617 0 0 0
49456  49456 4.88971 29.5132 -21.3983 0 0 0
49505.9  49505.9 4.95978 29.0887 -21.6982 0 0 0
49555.8  49555.8 4.68789 28.9776 -21.3307 0 0 0
49606.9  49606.9 4.46365 29.4172 -21.7349 0 0 0
49656.5  49656.5 4.23196 29.3561 -21.1834 0 0 0
49706.4  49706.4 4.6399 29.2339 -21.9236 0 0 0
49756.2  49756.2 4.61088 28.7686 -21.6696 0 0 0
49806.3  49806.3 4.57148 29.4518 -21.9965 0 0 0
49856  49856 4.88623 28.9796 -21.6151 0 0 0
49905.8  49905.8 4.47683 28.6318 -21.9112 0 0 0
49955.8  49955.8 4.60616 29.3176 -21.9973 0 0 0
50005.6  50005.6 4.9688 28.9774 -22.2501 0 0 0
50055.4  50055.4 5.13766 29.3541 -21.3815 0 0 0
50105.3  50105.3 4.56455 28.9528 -21.5466 0 0 0
50155.3  50155.3 4.37528 28.9444 -21.3883 0 0 0
50205  50205 4.82178 29.4196 -22.1525 0 0 0
50254.9  50254.9 4.7083 29.0881 -21.5206 0 0 0
50304.8  50304.8 5.19749 29.1623 -21.8479 0 0 0
50354.6  50354.6 4.33732 29.2174 -21.9527 0 0 0
50406.5  50406.5 4.29337 29.2346 -21.5854 0 0 0
50456.4  50456.4 4.5061 29.0154 -21.5923 0 0 0
50506.3  50506.3 4.84109 28.6865 -22.0198 0 0 0
50556.1  50556.1 4.87934 29.0077 -21.6451 0 0 0
50606  50606 4.77811 29.0344 -22.291 0 0 0
50655.8  50655.8 4.27765 29.0968 -21.7857 0 0 0
50705.7  50705.7 4.96597 29.2475 -22.3433 0 0 0
50755.6  50755.6 4.95576 29.3424 -21.5141 0 0 0
50805.4  50805.4 4.63499 29.3607 -21.8531 0 0 0
50855.3  50855.3 4.93659 29.3315 -22.1546 0 0 0
50905.2  50905.2 4.59199 28.8936 -21.8444 0 0 0
50955  50955 5.02364 28.8653 -22.0178 0 0 0
51005.2  51005.2 4.69793 28.5181 -22.0884 0 0 0
51054.8  51054.8 4.32248 27.9101 -23.0579 0 0 0
51104.6  51104.6 4.37104 27.6571 -23.3311 0 0 0
51154.5  51154.5 4.58053 27.5586 -23.7559 0 0 0
51205.9  51205.9 5.02638 27.5493 -23.9896 0 0 0
51255.2  51255.2 4.52842 26.8919 -24.2537 0 0 0
51305.1  51305.1 4.73933 27.1049 -24.4881 0 0 0
51355  51355 5.03499 26.4617 -24.6053 0 0 0
51404.8  51404.8 4.67094 26.9918 -24.503 0 0 0
51454.7  51454.7 4.69358 26.7167 -24.7779 0 0 0
51504.6  51504.6 4.64896 26.5544 -24.4458 0 0 0
51554.4  51554.4 4.50535 27.2485 -24.1374 0 0 0
51604.3  51604.3 5.0563 27.8017 -23.4469 0 0 0
51654.2  51654.2 4.60268 28.414 -22.1851 0 0 0
51704  51704 4.68684 29.5497 -21.8202 0 0 0
51753.9  51753.9 4.77168 29.627 -21.3886 0 0 0
51803.8  51803.8 4.19691 29.4213 -21.4457 0 0 0
51853.6  51853.6 4.70228 30.2432 -20.9486 0 0 0
51903.5  51903.5 5.19724 29.3922 -21.0606 0 0 0
51953.4  51953.4 4.83699 29.5674 -20.4256 0 0 0
52003.3  52003.3 4.53774 29.9104 -20.8339 0 0 0
52053.1  52053.1 4.95036 29.9362 -20.5481 0 0 0
52103  52103 4.71575 29.7824 -21.0885 0 0 0
52152.8  52152.8 4.90804 30.0879 -20.7578 0 0 0
52202.7  52202.7 4.73226 29.6288 -21.238 0 0 0
52252.7  52252.7 4.53334 30.2913 -20.7571 0 0 0
52303.4  52303.4 4.67994 30.1109 -21.3822 0 0 0
52353.3  52353.3 4.46109 29.9761 -21.5415 0 0 0
52403.2  52403.2 4.91116 29.5555 -21.4311 0 0 0
52453  52453 5.22839 29.7301 -21.129 0 0 0
52503.9  52503.9 4.8426 29.4635 -21.2205 0 0 0
52553.8  52553.8 4.70684 29.78 -21.093 0 0 0
52603.6  52603.6 4.74899 29.693 -21.2109 0 0 0
52653.7  52653.7 5.01084 30.0337 -21.5338 0 0 0
52703.4  52703.4 4.42546 29.4547 -21.2077 0 0 0
52753.2  52753.2 4.93204 29.4234 -21.2899 0 0 0
52803.1  52803.1 4.48757 29.1276 -21.2663 0 0 0
52853  52853 4.63072 29.8952 -21.1029 0 0 0
52902.8  52902.8 4.90645 29.0036 -21.2797 0 0 0
52952.8  52952.8 5.0659 29.4137 -21.4933 0 0 0
53002.6  53002.6 5.07431 29.109 -21.6085 0 0 0
53052.4  53052.4 4.69413 29.6925 -21.7576 0 0 0
53102.3  53102.3 4.86876 29.0213 -21.5288 0 0 0
53152.2  53152.2 4.54179 28.9728 -21.7296 0 0 0
53202  53202 4.81829 29.0746 -21.7292 0 0 0
53252.3  53252.3 4.98128 29.0571 -21.6033 0 0 0
53301.8  53301.8 4.98998 29.1892 -21.8471 0 0 0
53351.6  53351.6 4.69752 29.315 -21.9246 0 0 0
53401.5  53401.5 4.62566 29.4278 -21.7577 0 0 0
53451.4  53451.4 4.92358 28.984 -22.0762 0 0 0
53502.2  53502.2 4.69587 29.19 -21.6816 0 0 0
53552.3  53552.3 4.66377 28.8219 -22.2051 0 0 0
53602  53602 4.03659 29.1374 -21.2028 0 0 0
53653.3  53653.3 4.92816 28.52 -22.4402 0 0 0
53702.7  53702.7 4.56157 27.6199 -22.5217 0 0 0
53753.6  53753.6 4.72489 27.56 -23.1066 0 0 0
53803.4  53803.4 4.27895 26.9038 -23.5416 0 0 0
53853.3  53853.3 4.76574 27.274 -24.3997 0 0 0
53903.2  53903.2 4.72007 26.5593 -24.565 0 0 0
53953  53953 4.85623 27.0849 -24.5801 0 0 0
54002.9  54002.9 4.76965 26.6845 -24.663 0 0 0
54052.8  54052.8 4.41837 27.0846 -24.7081 0 0 0
54102.6  54102.6 4.41617 27.156 -24.6159 0 0 0
54152.5  54152.5 4.38837 26.7074 -25.0018 0 0 0
54203.4  54203.4 4.71649 27.3788 -24.0684 0 0 0
54253.2  54253.2 4.86724 28.1427 -23.3883 0 0 0
54303.1  54303.1 4.70611 28.8832 -22.5487 0 0 0
54353  54353 4.91675 28.9934 -21.5064 0 0 0
54402.8  54402.8 4.9961 29.2338 -21.6487 0 0 0
54452.7  54452.7 4.86661 29.853 -20.9395 0 0 0
54502.6  54502.6 4.31532 29.4291 -21.105 0 0 0
54552.5  54552.5 4.75204 29.8911 -20.7031 0 0 0
54602.3  54602.3 5.14064 30.0406 -20.9053 0 0 0
54652.2  54652.2 4.98863 30.1614 -20.7384 0 0 0
54702  54702 4.74246 29.8875 -20.7915 0 0 0
54751.9  54751.9 4.66483 29.4908 -20.8346 0 0 0
54801.8  54801.8 4.68932 29.571 -20.7403 0 0 0
54851.6  54851.6 4.3128 29.7323 -21.0017 0 0 0
54901.5  54901.5 5.21215 29.4955 -20.8508 0 0 0
54951.5  54951.5 4.84556 30.0417 -20.8032 0 0 0
55001.2  55001.2 5.09234 29.5348 -20.6342 0 0 0
55051.1  55051.1 4.83488 30.1487 -21.024 0 0 0
55101  55101 4.86898 29.6861 -21.8533 0 0 0
55150.8  55150.8 4.95586 29.5238 -21.1719 0 0 0
55200.8  55200.8 4.75327 29.0704 -21.4398 0 0 0
55250.6  55250.6 4.90075 29.9459 -21.3801 0 0 0
55300.4  55300.4 4.53789 29.1942 -21.2551 0 0 0
55350.3  55350.3 5.01705 29.5997 -21.9167 0 0 0
55400.3  55400.3 4.75201 29.7084 -21.3657 0 0 0
55450  55450 4.53607 29.1057 -21.4854 0 0 0
55499.9  55499.9 4.37506 29.4384 -21.4829 0 0 0
55549.8  55549.8 4.97307 29.2818 -21.1955 0 0 0
55599.7  55599.7 4.7942 29.5123 -21.2157 0 0 0
55649.5  55649.5 4.59412 28.7976 -21.7795 0 0 0
55699.4  55699.4 4.70769 29.0569 -21.43 0 0 0
55749.2  55749.2 4.59188 28.7008 -21.2727 0 0 0
55799.1  55799.1 4.75543 29.2952 -21.7546 0 0 0
55849  55849 4.40423 29.2067 -21.901 0 0 0
55898.8  55898.8 5.12697 29.2452 -22.3572 0 0 0
55948.7  55948.7 4.61002 29.1552 -21.1743 0 0 0
55998.6  55998.6 4.40023 29.1127 -21.7915 0 0 0
56048.4  56048.4 5.01233 28.9685 -21.6776 0 0 0
56098.3  56098.3 4.95942 28.8259 -21.6914 0 0 0
56148.2  56148.2 5.07101 29.5374 -21.6952 0 0 0
56198  56198 4.95228 28.8639 -21.2928 0 0 0
56247.9  56247.9 4.67998 29.0723 -21.8287 0 0 0
56297.8  56297.8 4.71856 29.1694 -22.0368 0 0 0
56347.6  56347.6 5.04252 28.9981 -21.9707 0 0 0
56397.5  56397.5 4.8562 29.2969 -21.881 0 0 0
56447.4  56447.4 4.65532 28.7865 -21.9276 0 0 0
56497.2  56497.2 5.18681 29.3112 -21.9247 0 0 0
56547.1  56547.1 4.42962 29.113 -21.8212 0 0 0
56597  56597 5.29774 29.0878 -21.8904 0 0 0
56646.8  56646.8 5.03648 29.4916 -22.0774 0 0 0
56696.7  56696.7 4.57744 29.2074 -21.8788 0 0 0
56746.6  56746.6 4.98289 29.4659 -21.9043 0 0 0
56797.5  56797.5 4.76996 28.9999 -21.8611 0 0 0
56850.3  56850.3 4.31136 29.4253 -21.8932 0 0 0
56900.2  56900.2 5.04927 28.2785 -22.9604 0 0 0
56950  56950 5.0822 27.7405 -23.5661 0 0 0
56999.9  56999.9 4.28551 27.2747 -23.916 0 0 0
57049.8  57049.8 4.28308 27.1216 -24.283 0 0 0
57099.6  57099.6 4.4773 27.1069 -24.1264 0 0 0
57149.5  57149.5 4.86757 26.625 -24.146 0 0 0
57199.4  57199.4 5.04001 26.7313 -24.4083 0 0 0
57250.2  57250.2 4.52498 27.3171 -24.7651 0 0 0
57300.1  57300.1 4.57296 26.5066 -24.8131 0 0 0
57350  57350 4.75289 27.0626 -24.6857 0 0 0
57399.8  57399.8 4.6352 26.3964 -24.7921 0 0 0
57449.7  57449.7 4.88536 27.7615 -23.4066 0 0 0
57499.5  57499.5 5.08088 28.2803 -22.6432 0 0 0
57549.4  57549.4 5.05609 29.0197 -21.9979 0 0 0
57599.3  57599.3 4.72109 29.1454 -21.4101 0 0 0
57649.1  57649.1 4.58486 29.4045 -21.6209 0 0 0
57699  57699 4.79895 29.8103 -21.0155 0 0 0
57748.9  57748.9 4.39197 29.8335 -21.2113 0 0 0
57798.7  57798.7 4.9236 29.8232 -20.9325 0 0 0
57848.6  57848.6 4.85614 29.9488 -20.9709 0 0 0
57898.5  57898.5 4.93515 29.7988 -20.6904 0 0 0
57948.4  57948.4 4.73639 29.8706 -20.3809 0 0 0
57998.2  57998.2 4.47808 29.9271 -20.7561 0 0 0
58048.1  58048.1 4.68966 29.8469 -20.4528 0 0 0
58097.9  58097.9 5.02517 29.4657 -20.6146 0 0 0
58147.8  58147.8 4.70702 29.2966 -20.8187 0 0 0
58197.7  58197.7 4.55419 29.7517 -20.898 0 0 0
58247.5  58247.5 4.64571 29.9023 -20.7629 0 0 0
58299  58299 4.67053 29.4698 -20.8467 0 0 0
58348.4  58348.4 5.22227 28.7899 -21.3165 0 0 0
58398.1  58398.1 4.97918 29.9241 -21.3409 0 0 0
58448  58448 4.39633 29.6461 -21.2748 0 0 0
58497.9  58497.9 4.65264 29.8033 -21.0788 0 0 0
58547.8  58547.8 4.52319 29.2444 -21.3974 0 0 0
58597.7  58597.7 4.82712 29.6867 -21.6664 0 0 0
58647.5  58647.5 5.35478 29.2424 -21.0706 0 0 0
58697.3  58697.3 4.56412 29.1709 -21.3059 0 0 0
58747.3  58747.3 4.85233 28.8706 -21.1803 0 0 0
58797.1  58797.1 4.88385 29.1334 -21.8651 0 0 0
58847  58847 5.02866 29.3149 -21.331 0 0 0
58896.8  58896.8 4.92827 29.2889 -21.3796 0 0 0
58946.7  58946.7 5.11151 29.2213 -21.8192 0 0 0
58996.6  58996.6 4.87346 29.1843 -21.6851 0 0 0
59046.5  59046.5 5.27281 29.3528 -22.0319 0 0 0
59096.3  59096.3 4.24052 29.2677 -21.8882 0 0 0
59146.1  59146.1 4.67612 29.0036 -21.5806 0 0 0
59196  59196 4.64214 29.1605 -21.6532 0 0 0
59245.9  59245.9 4.72714 29.4344 -21.264 0 0 0
59295.7  59295.7 4.85036 28.9852 -22.0846 0 0 0
59345.6  59345.6 4.69564 29.1361 -21.7342 0 0 0
59395.5  59395.5 5.14156 29.178 -21.5509 0 0 0
59445.4  59445.4 4.9877 29.4517 -22.0753 0 0 0
59495.2  59495.2 4.63125 29.1757 -22.0403 0 0 0
59545.7  59545.7 4.61661 29.0014 -21.7977 0 0 0
59595.9  59595.9 4.27735 29.1888 -21.8514 0 0 0
59645.8  59645.8 4.82976 29.0413 -21.8601 0 0 0
59695.7  59695.7 4.21296 29.6777 -21.5836 0 0 0
59745.5  59745.5 4.69073 28.8722 -21.4809 0 0 0
59795.4  59795.4 4.82951 28.5811 -21.9811 0 0 0
59845.3  59845.3 4.81367 28.5095 -22.0289 0 0 0
59895.2  59895.2 4.79107 28.3501 -23.0899 0 0 0
59945  59945 4.41455 27.954 -23.1123 0 0 0
59994.9  59994.9 4.91763 27.7211 -23.7935 0 0 0
60047.9  60047.9 4.98927 27.449 -24.2136 0 0 0
60097.6  60097.6 4.68503 27.1151 -24.329 0 0 0
60147.5  60147.5 5.05874 26.8067 -24.3336 0 0 0
60197.3  60197.3 4.69982 26.6959 -24.8935 0 0 0
60247.2  60247.2 4.91299 26.9754 -24.9522 0 0 0
60298.4  60298.4 4.57938 27.165 -24.6579 0 0 0
60347.9  60347.9 4.73944 26.8743 -24.9232 0 0 0
60397.8  60397.8 5.10455 26.2701 -24.8323 0 0 0
60447.7  60447.7 4.74876 27.5844 -23.6401 0 0 0
60497.5  60497.5 5.07548 28.5366 -22.6188 0 0 0
60547.4  60547.4 4.72877 28.7541 -22.0554 0 0 0
60597.3  60597.3 4.90195 29.3618 -21.7971 0 0 0
60647.1  60647.1 4.85767 29.5124 -21.1395 0 0 0
60697  60697 4.6937 29.6961 -20.9988 0 0 0
60746.9  60746.9 4.48778 29.558 -20.6365 0 0 0
60796.7  60796.7 4.73057 30.1238 -20.9787 0 0 0
60846.6  60846.6 4.5369 29.6325 -20.1538 0 0 0
60896.5  60896.5 5.00468 29.9817 -20.9465 0 0 0
60946.3  60946.3 4.63995 29.9664 -20.6816 0 0 0
60996.2  60996.2 4.84316 29.9653 -21.0735 0 0 0
61046.1  61046.1 4.82651 30.0027 -20.3185 0 0 0
61095.9  61095.9 4.82906 29.6922 -20.481 0 0 0
61145.8  61145.8 5.01071 29.5332 -20.8865 0 0 0
61195.7  61195.7 4.77051 29.6007 -21.1792 0 0 0
61245.5  61245.5 4.70862 30.0389 -20.7552 0 0 0
61295.4  61295.4 4.68789 29.5153 -20.8652 0 0 0
61345.3  61345.3 4.98079 29.8345 -21.293 0 0 0
61395.5  61395.5 4.89192 29.6993 -21.4217 0 0 0
61445.1  61445.1 4.73455 29.9498 -21.2322 0 0 0
61494.9  61494.9 4.61624 29.5643 -21.5363 0 0 0
61544.7  61544.7 4.92715 29.5026 -21.8509 0 0 0
61594.7  61594.7 4.70423 29.3273 -21.1623 0 0 0
61644.5  61644.5 4.50348 29.2719 -21.5031 0 0 0
61694.4  61694.4 4.92967 29.2669 -20.6596 0 0 0
61744.2  61744.2 4.28583 29.3724 -21.5482 0 0 0
61794.1  61794.1 4.54406 29.4618 -21.7438 0 0 0
61843.9  61843.9 4.81166 29.3538 -21.4948 0 0 0
61893.8  61893.8 5.17125 29.3329 -21.3731 0 0 0
61943.7  61943.7 4.96067 29.4255 -21.6001 0 0 0
61993.5  61993.5 4.72104 29.4322 -21.5777 0 0 0
62043.4  62043.4 4.84869 28.4058 -22.7086 0 0 0
62093.3  62093.3 4.38405 27.9519 -23.0409 0 0 0
62143.1  62143.1 4.74898 27.9709 -23.531 0 0 0
62193  62193 4.60795 27.5047 -24.1231 0 0 0
62242.9  62242.9 4.94126 27.5391 -24.027 0 0 0
62293.7  62293.7 4.2898 27.3241 -24.2904 0 0 0
62343.6  62343.6 4.52639 26.9095 -24.2149 0 0 0
62393.5  62393.5 4.84159 26.5642 -24.3811 0 0 0
62443.3  62443.3 4.56498 26.6639 -24.4476 0 0 0
62493.2  62493.2 4.95358 26.9278 -24.4586 0 0 0
62543.1  62543.1 4.56422 27.1329 -24.3495 0 0 0
62592.9  62592.9 4.74186 27.9852 -23.6485 0 0 0
62642.8  62642.8 4.35731 28.2673 -22.809 0 0 0
62692.7  62692.7 4.6754 29.3067 -22.1076 0 0 0
62742.6  62742.6 4.74498 29.0198 -21.555 0 0 0
62792.4  62792.4 4.63436 29.4114 -21.334 0 0 0
62842.3  62842.3 4.42369 29.452 -20.8287 0 0 0
62892.1  62892.1 4.71034 29.6039 -21.134 0 0 0
62942  62942 4.49223 30.252 -20.7636 0 0 0
62992.9  62992.9 4.49431 30.0436 -20.8785 0 0 0
63042.7  63042.7 4.87378 30.1612 -20.5216 0 0 0
63092.6  63092.6 4.94115 30.0978 -20.4272 0 0 0
63142.5  63142.5 4.47358 29.5033 -21.1568 0 0 0
63193.9  63193.9 4.60596 30.0315 -20.7946 0 0 0
63243.2  63243.2 5.01166 29.9733 -20.6619 0 0 0
63294.1  63294.1 5.08308 29.5992 -20.8936 0 0 0
63344  63344 4.79953 29.9386 -20.6981 0 0 0
63393.8  63393.8 4.57786 29.9811 -21.0477 0 0 0
63443.7  63443.7 5.17252 29.7255 -21.0373 0 0 0
63493.5  63493.5 4.70462 29.7002 -21.4969 0 0 0
63543.4  63543.4 4.69324 29.7689 -21.396 0 0 0
63593.3  63593.3 4.59699 29.709 -21.2963 0 0 0
63643.1  63643.1 5.44661 29.6413 -20.9615 0 0 0
63693  63693 4.56465 29.3675 -21.1893 0 0 0
63742.9  63742.9 4.64067 29.7033 -21.1268 0 0 0
63792.7  63792.7 4.78324 29.6742 -21.2725 0 0 0
63842.6  63842.6 4.57012 29.3684 -21.492 0 0 0
63892.5  63892.5 4.52573 29.7273 -21.8421 0 0 0
63942.3  63942.3 5.07612 29.4587 -21.8097 0 0 0
63992.2  63992.2 4.55031 29.2715 -22.1938 0 0 0
64042.1  64042.1 4.71105 29.1718 -21.3719 0 0 0
64091.9  64091.9 4.28912 29.1893 -21.5562 0 0 0
64141.8  64141.8 4.42733 29.1633 -21.5591 0 0 0
64191.7  64191.7 5.06144 29.21 -21.6876 0 0 0
64241.5  64241.5 5.12485 29.2081 -21.314 0 0 0
64291.4  64291.4 4.66908 29.1502 -22.0603 0 0 0
64341.3  64341.3 4.94939 27.923 -22.9234 0 0 0
64391.1  64391.1 4.72043 27.4017 -23.2677 0 0 0
64441  64441 4.70132 27.5866 -24.07 0 0 0
64490.9  64490.9 4.56878 26.8962 -23.9703 0 0 0
64540.7  64540.7 4.63385 26.9336 -24.3649 0 0 0
64590.6  64590.6 4.85456 26.6615 -24.558 0 0 0
64640.5  64640.5 4.3552 26.9561 -24.8312 0 0 0
64695.1  64695.1 4.93662 26.8957 -24.3488 0 0 0
64749.1  64749.1 4.39649 26.3848 -24.5305 0 0 0
64799  64799 4.61655 27.0254 -24.5262 0 0 0
64848.9  64848.9 4.6876 27.2421 -24.3852 0 0 0
64898.8  64898.8 4.80581 27.8877 -23.3559 0 0 0
64948.6  64948.6 4.58045 28.4893 -22.3738 0 0 0
64998.5  64998.5 5.4289 29.2749 -21.9115 0 0 0
65048.4  65048.4 4.89862 29.0562 -21.2821 0 0 0
65101  65101 4.33205 29.6052 -21.1612 0 0 0
65151.1  65151.1 4.58794 29.662 -21.1285 0 0 0
65201  65201 4.77954 29.4852 -20.4369 0 0 0
65250.8  65250.8 5.49186 30.3366 -20.6888 0 0 0
65300.7  65300.7 4.54691 29.3933 -20.8209 0 0 0
65350.6  65350.6 5.13419 30.2641 -20.7759 0 0 0
65400.4  65400.4 4.93505 29.7973 -20.9167 0 0 0
65450.3  65450.3 4.83951 30.166 -20.8426 0 0 0
65500.2  65500.2 4.43688 30.0505 -20.2255 0 0 0
65550.1  65550.1 5.09686 29.5165 -21.1176 0 0 0
65599.9  65599.9 4.67646 29.8778 -20.6712 0 0 0
65649.8  65649.8 5.12605 29.5836 -21.0834 0 0 0
65700.5  65700.5 4.94949 29.5571 -21.1848 0 0 0
65750.5  65750.5 4.78813 29.8107 -21.0806 0 0 0
65800.4  65800.4 4.74048 29.6747 -21.0475 0 0 0
65850.2  65850.2 4.63392 29.8956 -20.8113 0 0 0
65900.1  65900.1 4.38294 29.5815 -21.1569 0 0 0
65950  65950 5.02929 29.2264 -21.203 0 0 0
65999.8  65999.8 5.11167 29.1584 -21.7266 0 0 0
66049.7  66049.7 5.01555 29.5164 -21.4926 0 0 0
66099.6  66099.6 4.71088 29.1702 -21.2845 0 0 0
66149.4  66149.4 4.44089 29.1526 -21.6579 0 0 0
66199.3  66199.3 4.58429 29.3236 -21.6139 0 0 0
66249.2  66249.2 4.74342 29.2572 -21.546 0 0 0
66299  66299 4.98427 29.2673 -21.7922 0 0 0
66348.9  66348.9 5.0583 29.2308 -21.6452 0 0 0
66398.8  66398.8 5.18669 29.086 -21.6152 0 0 0
66448.7  66448.7 4.91724 29.2754 -21.4912 0 0 0
66498.7  66498.7 4.87609 29.6383 -21.5152 0 0 0
66548.4  66548.4 4.43161 29.5598 -21.6192 0 0 0
66598.2  66598.2 4.66399 29.4984 -20.8952 0 0 0
66648.1  66648.1 4.61173 30.0422 -20.7112 0 0 0
66698  66698 5.19707 30.2473 -19.923 0 0 0
66747.8  66747.8 4.81877 30.624 -19.9108 0 0 0
66797.7  66797.7 5.09208 31.0069 -19.5228 0 0 0
66847.6  66847.6 4.64425 31.1285 -19.5703 0 0 0
66897.4  66897.4 4.79977 30.8371 -19.5265 0 0 0
66947.3  66947.3 4.66079 31.3358 -18.7235 0 0 0
66997.2  66997.2 5.14707 30.6927 -19.4008 0 0 0
67047  67047 4.75226 31.2494 -19.2991 0 0 0
67096.9  67096.9 4.67835 30.9869 -18.7267 0 0 0
67146.8  67146.8 4.88619 30.2156 -20.8278 0 0 0
67196.6  67196.6 4.63589 29.2299 -21.1718 0 0 0
67246.5  67246.5 5.11725 28.8786 -21.607 0 0 0
67296.4  67296.4 4.9277 29.0111 -22.2855 0 0 0
67346.2  67346.2 5.08723 28.5527 -22.9796 0 0 0
67396.1  67396.1 4.9515 28.6117 -22.5177 0 0 0
67446  67446 4.6034 28.237 -23.0006 0 0 0
67495.8  67495.8 4.84592 28.1085 -22.7921 0 0 0
67545.7  67545.7 4.72821 28.119 -23.2199 0 0 0
67595.6  67595.6 4.65107 27.8034 -23.1804 0 0 0
67645.4  67645.4 4.67581 28.5147 -23.1269 0 0 0
67695.3  67695.3 4.41861 27.9012 -22.6108 0 0 0
67745.2  67745.2 4.61096 28.0509 -23.0568 0 0 0
67795  67795 4.83289 28.0575 -22.5966 0 0 0
67844.9  67844.9 4.69919 28.0833 -23.2035 0 0 0
67894.8  67894.8 4.28388 28.38 -22.6039 0 0 0
67944.6  67944.6 4.72665 28.5232 -22.6265 0 0 0
67994.5  67994.5 4.57485 28.1959 -22.7471 0 0 0
68044.4  68044.4 4.78061 28.4022 -22.94 0 0 0
68094.2  68094.2 4.8522 27.8366 -22.4879 0 0 0
68144.1  68144.1 4.94024 28.604 -22.4774 0 0 0
68194  68194 4.66617 28.2889 -22.3562 0 0 0
68243.9  68243.9 4.43191 28.4331 -22.3995 0 0 0
68293.7  68293.7 5.21482 28.5855 -22.5847 0 0 0
68343.6  68343.6 4.69983 27.9742 -21.995 0 0 0
68393.4  68393.4 4.68103 28.7001 -22.667 0 0 0
68443.4  68443.4 4.96957 28.0124 -22.468 0 0 0
68493.2  68493.2 4.58959 28.8043 -22.2751 0 0 0
68543.1  68543.1 4.25543 29.0409 -22.6863 0 0 0
68592.9  68592.9 4.84892 28.6411 -22.4192 0 0 0
68642.8  68642.8 4.37381 28.7281 -22.1488 0 0 0
68692.7  68692.7 5.16 28.7659 -22.2852 0 0 0
68742.5  68742.5 4.81897 29.2627 -21.9 0 0 0
68792.5  68792.5 5.12041 29.0753 -22.1978 0 0 0
68842.2  68842.2 4.90978 28.6868 -22.434 0 0 0
68892.1  68892.1 4.78953 28.4829 -22.3553 0 0 0
68942  68942 4.81102 29.0627 -22.3739 0 0 0
68991.9  68991.9 4.40458 29.29 -21.4852 0 0 0
69041.7  69041.7 4.85676 29.5041 -20.8896 0 0 0
69091.6  69091.6 4.68528 30.4547 -20.1211 0 0 0
69141.4  69141.4 4.91577 30.5021 -19.6572 0 0 0
69191.6  69191.6 4.74307 30.7701 -19.4959 0 0 0
69242.5  69242.5 4.27343 30.9062 -19.1622 0 0 0
69292  69292 4.93211 30.5615 -19.0425 0 0 0
69341.9  69341.9 4.68126 30.7233 -19.181 0 0 0
69392.9  69392.9 4.67312 30.7009 -19.3182 0 0 0
69442.6  69442.6 4.47456 31.1524 -19.3403 0 0 0
69492.5  69492.5 4.93536 31.0123 -18.8779 0 0 0
69542.3  69542.3 4.82548 30.3484 -20.077 0 0 0
69592.2  69592.2 4.42842 29.5562 -21.6698 0 0 0
69642.1  69642.1 4.82656 28.8982 -21.3463 0 0 0
69692  69692 4.72342 28.7302 -22.1525 0 0 0
69741.8  69741.8 4.92094 28.6249 -22.339 0 0 0
69791.7  69791.7 4.24347 28.4951 -23.1878 0 0 0
69841.5  69841.5 4.35022 27.8346 -23.0402 0 0 0
69891.4  69891.4 4.69322 27.9257 -23.0798 0 0 0
69941.3  69941.3 4.94485 28.1965 -23.5587 0 0 0
69991.2  69991.2 4.51784 27.8347 -22.8989 0 0 0
70041  70041 4.76843 27.7758 -22.5792 0 0 0
70090.9  70090.9 4.48757 28.0189 -23.1261 0 0 0
70140.8  70140.8 5.28507 28.0928 -22.8828 0 0 0
70190.6  70190.6 4.84823 28.3691 -22.8822 0 0 0
70240.5  70240.5 5.21417 28.2964 -23.1382 0 0 0
70290.4  70290.4 5.06906 27.4642 -23.2436 0 0 0
70340.2  70340.2 4.58696 28.1431 -22.6822 0 0 0
70390.1  70390.1 4.24319 28.3412 -22.6717 0 0 0
70440  70440 4.95564 27.9743 -22.8008 0 0 0
70489.8  70489.8 4.84525 28.4571 -22.7754 0 0 0
70539.7  70539.7 4.73634 28.4233 -22.1796 0 0 0
70589.6  70589.6 4.42827 28.2219 -23.1313 0 0 0
70641  70641 4.83663 28.4448 -22.937 0 0 0
70690.4  70690.4 5.10608 28.4247 -22.2467 0 0 0
70740.2  70740.2 4.63424 28.6686 -22.7232 0 0 0
70790  70790 5.02909 28.5935 -22.0575 0 0 0
70839.9  70839.9 4.73681 28.4801 -22.5681 0 0 0
70889.8  70889.8 4.72082 28.7487 -22.1841 0 0 0
70941  70941 4.38501 28.7467 -22.5723 0 0 0
70990.6  70990.6 4.82649 28.6863 -22.2337 0 0 0
71040.4  71040.4 4.52379 28.43 -22.6626 0 0 0
71090.2  71090.2 5.0098 28.1248 -22.6118 0 0 0
71140.1  71140.1 4.57549 29.3107 -21.2739 0 0 0
71189.9  71189.9 4.61427 29.0404 -20.8329 0 0 0
71239.8  71239.8 4.55667 30.2171 -20.5629 0 0 0
71289.7  71289.7 4.65727 30.4696 -20.1237 0 0 0
71339.6  71339.6 4.6926 30.6353 -19.5338 0 0 0
71389.4  71389.4 4.40978 30.1927 -19.2249 0 0 0
71439.3  71439.3 5.08655 30.8081 -19.5287 0 0 0
71489.2  71489.2 4.43533 30.8231 -19.1148 0 0 0
71539  71539 4.51307 30.7631 -19.4999 0 0 0
71588.9  71588.9 4.7312 30.9401 -19.4184 0 0 0
71638.7  71638.7 4.30306 30.8388 -19.2109 0 0 0
71688.6  71688.6 4.50336 30.3724 -20.1409 0 0 0
71738.5  71738.5 5.47956 29.4257 -20.977 0 0 0
71788.4  71788.4 4.6176 29.0674 -21.94 0 0 0
71838.2  71838.2 4.54146 28.5677 -22.7284 0 0 0
71888.2  71888.2 4.4728 28.4016 -22.5808 0 0 0
71938  71938 4.8923 28.2083 -23.1346 0 0 0
71987.8  71987.8 4.78956 28.0738 -23.2751 0 0 0
72037.7  72037.7 4.78597 27.6466 -23.2283 0 0 0
72087.6  72087.6 4.18525 28.2446 -22.9415 0 0 0
72137.4  72137.4 4.76296 28.0086 -23.4613 0 0 0
72187.3  72187.3 4.66958 27.9583 -23.3236 0 0 0
72237.2  72237.2 5.01048 28.2258 -23.3094 0 0 0
72287  72287 5.14411 27.6404 -23.4493 0 0 0
72336.9  72336.9 4.37918 28.1475 -23.2932 0 0 0
72386.8  72386.8 4.32523 27.957 -22.6301 0 0 0
72436.6  72436.6 4.8497 28.1583 -23.0644 0 0 0
72486.5  72486.5 5.02082 28.368 -22.9311 0 0 0
72536.4  72536.4 4.46555 28.0562 -22.674 0 0 0
72586.3  72586.3 4.72025 28.0196 -23.1512 0 0 0
72636.1  72636.1 4.7168 28.2471 -23.1942 0 0 0
72686  72686 4.81494 28.1484 -22.8768 0 0 0
72735.8  72735.8 4.75567 28.4619 -22.63 0 0 0
72790.3  72790.3 4.58973 28.6178 -22.9619 0 0 0
72839.5  72839.5 4.67487 28.7349 -22.5733 0 0 0
72889.4  72889.4 4.48784 28.9679 -22.7709 0 0 0
72939.3  72939.3 4.83007 28.308 -23.3217 0 0 0
72989.2  72989.2 4.84336 28.5248 -22.7054 0 0 0
73039.1  73039.1 4.7789 28.6562 -22.4784 0 0 0
73088.9  73088.9 4.74375 28.52 -22.8438 0 0 0
73138.7  73138.7 4.20215 28.7974 -22.5062 0 0 0
73188.6  73188.6 4.75985 28.3836 -22.7631 0 0 0
73238.5  73238.5 5.31933 28.3216 -21.977 0 0 0
73288.3  73288.3 4.69957 28.7549 -22.0265 0 0 0
73338.2  73338.2 4.92123 29.0104 -22.4546 0 0 0
73388.1  73388.1 5.04401 28.4358 -21.8836 0 0 0
73437.9  73437.9 4.76986 28.658 -22.3743 0 0 0
73487.8  73487.8 4.89509 29.0168 -21.7643 0 0 0
73537.7  73537.7 4.5489 29.6789 -21.0512 0 0 0
73587.6  73587.6 4.63398 29.492 -20.9863 0 0 0
73637.4  73637.4 4.41524 30.5984 -19.9633 0 0 0
73687.3  73687.3 4.69324 30.9092 -19.8254 0 0 0
73737.1  73737.1 4.62491 30.6859 -19.5978 0 0 0
73787  73787 4.71996 30.7751 -19.2849 0 0 0
73837.1  73837.1 4.81601 31.3967 -19.4185 0 0 0
73887  73887 4.44324 30.6702 -19.6992 0 0 0
73936.6  73936.6 4.42681 30.9607 -19.4927 0 0 0
73986.6  73986.6 4.82107 31.2503 -19.6451 0 0 0
74036.3  74036.3 4.95128 30.7714 -19.8806 0 0 0
74086.2  74086.2 5.16294 30.5192 -20.4751 0 0 0
74136.1  74136.1 4.63192 29.1449 -21.8043 0 0 0
74185.9  74185.9 4.68184 28.976 -22.2753 0 0 0
74235.8  74235.8 4.55555 28.4177 -22.7813 0 0 0
74285.7  74285.7 4.62524 27.916 -22.5426 0 0 0
74335.5  74335.5 5.10664 27.6087 -22.6693 0 0 0
74385.4  74385.4 4.44262 28.0608 -23.0432 0 0 0
74435.3  74435.3 4.86874 27.5429 -23.5493 0 0 0
74485.2  74485.2 4.63723 28.0188 -22.825 0 0 0
74535  74535 4.96874 27.9335 -23.5052 0 0 0
74585  74585 4.71511 28.1552 -23.3834 0 0 0
74634.7  74634.7 4.37731 27.8165 -23.1603 0 0 0
74684.6  74684.6 4.5829 28.6082 -23.2511 0 0 0
74734.6  74734.6 4.76317 28.0209 -22.8222 0 0 0
74785.1  74785.1 4.66213 28.2425 -23.3217 0 0 0
74836.4  74836.4 4.66226 28.2776 -22.9256 0 0 0
74886.2  74886.2 4.70391 28.1197 -23.3101 0 0 0
74935.9  74935.9 4.88514 28.1124 -23.1242 0 0 0
74986.6  74986.6 4.29199 28.5227 -22.7292 0 0 0
75036.9  75036.9 4.36079 28.369 -22.9102 0 0 0
75086.5  75086.5 4.63343 28.469 -22.9988 0 0 0
75136.4  75136.4 4.1236 28.3307 -22.9287 0 0 0
75186.3  75186.3 4.87491 28.3466 -22.6651 0 0 0
75236.1  75236.1 4.50489 28.2107 -22.8058 0 0 0
75286  75286 4.72532 28.7104 -21.8623 0 0 0
75335.9  75335.9 4.9897 28.3223 -22.2438 0 0 0
75385.8  75385.8 4.99766 28.4416 -22.2381 0 0 0
75435.7  75435.7 4.88421 28.9386 -22.0974 0 0 0
75485.6  75485.6 4.74702 28.6357 -22.6253 0 0 0
75535.5  75535.5 4.887 28.4998 -22.4857 0 0 0
75585.3  75585.3 4.80654 28.3072 -22.2657 0 0 0
75635.1  75635.1 5.29763 28.7787 -22.9037 0 0 0
75684.9  75684.9 4.77564 28.4699 -22.3102 0 0 0
75734.8  75734.8 4.49893 29.0477 -22.3486 0 0 0
75788.2  75788.2 4.91383 28.7485 -22.4601 0 0 0
75837.5  75837.5 4.62808 29.4386 -21.1926 0 0 0
75887.4  75887.4 5.05616 30.1756 -20.566 0 0 0
75937.3  75937.3 4.45298 30.1203 -20.044 0 0 0
75987.1  75987.1 4.90135 30.4863 -19.5841 0 0 0
76037  76037 4.41831 30.5853 -19.6783 0 0 0
76087  76087 4.95321 30.7206 -19.3365 0 0 0
76136.7  76136.7 5.15304 30.4158 -19.111 0 0 0
76186.6  76186.6 4.88347 30.5277 -19.4552 0 0 0
76236.5  76236.5 4.83443 31.0807 -19.2487 0 0 0
76286.4  76286.4 4.56523 30.8371 -18.6468 0 0 0
76336.2  76336.2 4.87176 30.7575 -19.8561 0 0 0
76386.1  76386.1 4.58372 29.8478 -20.4478 0 0 0
76435.9  76435.9 5.13096 29.4444 -21.4415 0 0 0
76485.8  76485.8 5.01525 28.9439 -22.2964 0 0 0
76535.7  76535.7 4.77337 28.4875 -22.6922 0 0 0
76585.5  76585.5 5.09813 27.9717 -23.1301 0 0 0
76635.4  76635.4 4.70333 28.3484 -23.2984 0 0 0
76685.3  76685.3 4.81755 28.181 -23.4519 0 0 0
76735.1  76735.1 4.77436 28.3141 -23.2624 0 0 0
76785  76785 5.13993 28.096 -22.9816 0 0 0
76834.9  76834.9 4.59538 27.9933 -23.1592 0 0 0
76884.7  76884.7 4.48137 28.0497 -23.1038 0 0 0
76934.6  76934.6 4.88567 28.2072 -23.4061 0 0 0
76984.5  76984.5 4.72726 28.0121 -23.1268 0 0 0
77034.3  77034.3 5.00972 27.8985 -23.4449 0 0 0
77086  77086 5.03387 28.1273 -22.8056 0 0 0
77136.1  77136.1 4.81357 27.834 -23.2917 0 0 0
77185.9  77185.9 4.59437 28.173 -22.8519 0 0 0
77235.8  77235.8 4.79578 28.3384 -22.4796 0 0 0
77285.7  77285.7 4.9625 28.5566 -22.7451 0 0 0
77335.5  77335.5 5.08424 28.2336 -22.5924 0 0 0
77385.4  77385.4 4.37648 28.3229 -22.7488 0 0 0
77435.3  77435.3 5.11902 28.8137 -23.1968 0 0 0
77485.1  77485.1 4.63153 28.448 -22.7971 0 0 0
77537.4  77537.4 5.02898 28.4503 -22.7738 0 0 0
77586.9  77586.9 4.2375 28.2212 -22.5121 0 0 0
77636.7  77636.7 4.5672 28.4875 -21.9198 0 0 0
77686.6  77686.6 4.90774 28.2329 -23.0423 0 0 0
77736.5  77736.5 4.2452 28.7213 -22.4872 0 0 0
77786.4  77786.4 5.11218 29.3471 -22.3723 0 0 0
77836.3  77836.3 4.84071 28.5148 -22.6127 0 0 0
77886.1  77886.1 4.85822 28.8336 -22.3284 0 0 0
77935.9  77935.9 4.99708 29.2533 -21.8448 0 0 0
77985.8  77985.8 4.81559 28.7682 -22.5889 0 0 0
78035.7  78035.7 4.93195 28.5704 -22.5138 0 0 0
78085.5  78085.5 4.67461 29.0285 -22.5595 0 0 0
78135.4  78135.4 4.6035 29.5692 -21.7333 0 0 0
78185.3  78185.3 4.78052 30.1172 -20.6244 0 0 0
78235.1  78235.1 5.05118 30.3402 -20.3486 0 0 0
78285  78285 4.83373 30.5662 -20.1229 0 0 0
78334.8  78334.8 4.50502 30.8814 -20.2381 0 0 0
78385.5  78385.5 4.57641 31.2359 -19.4139 0 0 0
78434.6  78434.6 5.01196 30.8788 -19.8115 0 0 0
78484.5  78484.5 4.47344 30.8841 -19.0004 0 0 0
78534.3  78534.3 4.20822 31.1816 -19.4624 0 0 0
78584.2  78584.2 4.73825 30.8445 -19.1493 0 0 0
78634  78634 4.57091 30.7704 -18.661 0 0 0
78683.9  78683.9 4.63717 30.2006 -20.7019 0 0 0
78733.8  78733.8 4.88207 29.4916 -21.6088 0 0 0
78783.7  78783.7 5.05103 29.2549 -21.9695 0 0 0
78833.5  78833.5 5.12745 28.8923 -22.2401 0 0 0
78883.4  78883.4 5.04569 28.0948 -22.5615 0 0 0
78933.3  78933.3 5.3252 28.1981 -23.1082 0 0 0
78983.1  78983.1 4.29984 28.4841 -22.9844 0 0 0
79033.9  79033.9 4.73004 28.036 -23.2372 0 0 0
79083.9  79083.9 4.67453 27.6352 -23.3898 0 0 0
79133.7  79133.7 4.73777 28.1467 -22.9498 0 0 0
79183.7  79183.7 4.77524 27.8766 -23.3402 0 0 0
79233.5  79233.5 5.06662 28.1808 -23.1442 0 0 0
79283.3  79283.3 4.54304 28.0878 -23.2418 0 0 0
79333.2  79333.2 4.68623 28.2722 -23.1239 0 0 0
79383.1  79383.1 4.54267 27.9733 -23.2112 0 0 0
79432.9  79432.9 4.51506 28.1184 -22.8699 0 0 0
79482.8  79482.8 4.8523 27.9621 -22.9872 0 0 0
79532.7  79532.7 4.72528 28.2458 -22.9963 0 0 0
79582.5  79582.5 4.38828 27.883 -23.1479 0 0 0
79632.4  79632.4 4.48543 28.3529 -22.9639 0 0 0
79682.3  79682.3 5.2547 27.9928 -22.5442 0 0 0
79732.1  79732.1 4.9724 28.2654 -22.7562 0 0 0
79782  79782 4.51547 28.3694 -22.4932 0 0 0
79831.9  79831.9 4.87513 28.229 -22.8127 0 0 0
79881.7  79881.7 4.81576 28.5702 -22.8914 0 0 0
79931.6  79931.6 4.67209 28.6457 -23.1778 0 0 0
79981.5  79981.5 4.77478 28.4874 -22.7491 0 0 0
80031.3  80031.3 4.86107 28.5154 -22.2705 0 0 0
80081.4  80081.4 4.51384 28.3924 -22.3144 0 0 0
80131.1  80131.1 4.8525 28.4146 -22.5686 0 0 0
80180.9  80180.9 4.64757 28.2037 -22.2403 0 0 0
80230.8  80230.8 4.98269 28.9084 -22.3601 0 0 0
80280.7  80280.7 4.61002 28.6742 -22.2141 0 0 0
80331  80331 4.88555 29.6108 -21.4388 0 0 0
80380.4  80380.4 4.90893 30.2332 -20.2996 0 0 0
80430.2  80430.2 4.69076 29.6805 -20.47 0 0 0
80480.1  80480.1 4.74814 30.0902 -20.0925 0 0 0
80530  80530 4.58977 30.5758 -20.0942 0 0 0
80579.8  80579.8 4.7207 31.0527 -19.8514 0 0 0
80629.7  80629.7 4.90098 30.6159 -19.4149 0 0 0
80679.6  80679.6 5.14007 30.8069 -19.5864 0 0 0
80729.5  80729.5 5.34089 30.6424 -18.9243 0 0 0
80779.3  80779.3 4.84185 30.6085 -19.0836 0 0 0
80829.2  80829.2 4.17462 31.0384 -19.1446 0 0 0
80879.1  80879.1 4.77044 30.405 -20.6521 0 0 0
80928.9  80928.9 5.03315 29.3034 -21.5112 0 0 0
80978.8  80978.8 4.89749 28.6294 -22.2071 0 0 0
81029.1  81029.1 5.10551 28.2709 -22.5313 0 0 0
81078.6  81078.6 4.94167 28.1533 -23.2027 0 0 0
81128.4  81128.4 4.56771 27.7552 -22.8921 0 0 0
81178.3  81178.3 4.76151 27.9244 -22.8153 0 0 0
81228.1  81228.1 4.93543 27.8407 -23.0279 0 0 0
81278  81278 4.77272 27.8779 -23.3228 0 0 0
81327.9  81327.9 4.34042 28.0097 -23.1662 0 0 0
81377.7  81377.7 4.5093 27.8065 -23.4086 0 0 0
81427.6  81427.6 4.35593 28.0053 -23.2303 0 0 0
81477.6  81477.6 4.7337 28.1539 -23.3985 0 0 0
81527.3  81527.3 5.01661 27.8237 -22.8998 0 0 0
81577.2  81577.2 4.52147 27.8853 -23.2615 0 0 0
81627.1  81627.1 4.99591 27.9769 -23.053 0 0 0
81677  81677 4.78678 27.8578 -23.4067 0 0 0
81726.8  81726.8 4.74418 28.2302 -22.9857 0 0 0
81776.6  81776.6 4.44062 28.7208 -22.8885 0 0 0
81826.5  81826.5 4.28619 28.2815 -22.9371 0 0 0
81876.4  81876.4 5.23362 28.7256 -22.9727 0 0 0
81926.3  81926.3 4.41471 28.2465 -22.9227 0 0 0
81976.1  81976.1 5.31351 28.1603 -22.6785 0 0 0
82026  82026 4.65472 28.4352 -22.471 0 0 0
82075.9  82075.9 4.62941 28.525 -22.7575 0 0 0
82125.8  82125.8 4.39197 28.4531 -22.5262 0 0 0
82175.6  82175.6 5.13297 28.5561 -22.3095 0 0 0
82225.4  82225.4 4.91133 28.4673 -22.6654 0 0 0
82275.3  82275.3 5.11019 28.8258 -22.0131 0 0 0
82325.2  82325.2 4.35281 28.494 -21.9783 0 0 0
82375.2  82375.2 4.40099 28.5565 -22.4355 0 0 0
82424.9  82424.9 4.5979 28.834 -22.1323 0 0 0
82474.8  82474.8 4.86465 29.7752 -21.7165 0 0 0
82524.7  82524.7 4.73873 30.026 -20.4001 0 0 0
82574.5  82574.5 4.23762 29.7718 -19.9174 0 0 0
82625.4  82625.4 5.10072 30.1672 -19.9332 0 0 0
82675.3  82675.3 4.87446 30.8998 -19.6501 0 0 0
82725.6  82725.6 4.63482 30.5741 -19.3005 0 0 0
82776  82776 4.73273 30.9275 -19.4397 0 0 0
82825.9  82825.9 4.26791 30.6081 -19.2149 0 0 0
82875.7  82875.7 4.898 31.091 -19.3326 0 0 0
82926.1  82926.1 4.95022 30.7155 -19.2574 0 0 0
82975.9  82975.9 4.68063 30.6489 -19.5757 0 0 0
83025.3  83025.3 4.2148 29.8319 -20.5148 0 0 0
83075.2  83075.2 4.75087 29.0966 -21.8567 0 0 0
83125  83125 4.54399 28.8383 -21.7876 0 0 0
83174.9  83174.9 4.51368 28.463 -22.3411 0 0 0
83224.8  83224.8 5.08168 28.1313 -22.8375 0 0 0
83274.6  83274.6 4.39965 27.8947 -22.6173 0 0 0
83324.5  83324.5 4.76051 27.9129 -23.4887 0 0 0
83374.4  83374.4 4.32921 27.4735 -22.9736 0 0 0
83424.2  83424.2 4.7028 28.2796 -23.3018 0 0 0
83474.1  83474.1 4.71708 28.0275 -23.2032 0 0 0
83524  83524 4.42423 28.0066 -23.7685 0 0 0
83573.9  83573.9 4.85423 28.3059 -22.9918 0 0 0
83623.7  83623.7 4.50527 28.1801 -23.025 0 0 0
83675.3  83675.3 4.82181 28.067 -23.0138 0 0 0
83724.5  83724.5 4.57016 27.8657 -22.9107 0 0 0
83774.3  83774.3 4.82191 28.225 -23.2674 0 0 0
83824.2  83824.2 4.79159 28.2457 -23.2719 0 0 0
83874  83874 5.02807 28.5891 -23.1631 0 0 0
83923.9  83923.9 4.40209 28.5257 -22.9916 0 0 0
83973.8  83973.8 4.53873 27.9509 -22.9152 0 0 0
84023.7  84023.7 5.39932 28.4618 -22.8283 0 0 0
84073.5  84073.5 4.98104 28.1459 -22.9113 0 0 0
84123.4  84123.4 5.00359 28.2162 -22.9097 0 0 0
84173.2  84173.2 4.76509 28.4246 -22.4721 0 0 0
84224.6  84224.6 4.88115 28.1702 -22.2353 0 0 0
84275  84275 5.04177 28.0569 -22.7398 0 0 0
84324.8  84324.8 4.41393 28.5213 -22.5252 0 0 0
84374.7  84374.7 4.84951 28.6952 -22.2589 0 0 0
84424.6  84424.6 5.01136 28.4968 -22.4661 0 0 0
84474.4  84474.4 4.36938 28.9994 -22.1319 0 0 0
84524.3  84524.3 4.41705 28.9598 -22.317 0 0 0
84574.2  84574.2 4.87857 28.2109 -22.0787 0 0 0
84624  84624 4.67684 28.7164 -21.7101 0 0 0
84673.9  84673.9 4.92664 28.7673 -22.449 0 0 0
84723.8  84723.8 4.89943 28.3226 -22.1176 0 0 0
84773.6  84773.6 4.94974 29.7744 -21.3783 0 0 0
84823.5  84823.5 4.38883 29.9651 -20.5515 0 0 0
84874.4  84874.4 4.86669 30.1481 -20.037 0 0 0
84924.2  84924.2 4.6589 30.3982 -19.4107 0 0 0
84974.1  84974.1 4.73831 30.755 -19.3468 0 0 0
85036.1  85036.1 4.47978 31.0835 -19.9313 0 0 0
85085.9  85085.9 4.4552 30.6276 -18.9823 0 0 0
85135.7  85135.7 4.61768 30.9009 -19.3174 0 0 0
85185.5  85185.5 4.90918 30.618 -18.8719 0 0 0
85235.4  85235.4 4.17928 31.3115 -18.9161 0 0 0
85288.3  85288.3 4.66891 30.9638 -19.4565 0 0 0
85338.1  85338.1 4.83887 29.9694 -20.8473 0 0 0
85388.2  85388.2 5.17462 29.2072 -21.7805 0 0 0
85437.9  85437.9 4.4639 28.6319 -22.2575 0 0 0
85487.8  85487.8 4.46502 28.4849 -22.9245 0 0 0
85537.6  85537.6 4.94178 28.1975 -22.8825 0 0 0
85587.5  85587.5 4.78844 28.2117 -23.1598 0 0 0
85637.3  85637.3 4.64822 28.1547 -23.0796 0 0 0
85687.2  85687.2 4.52957 27.8014 -23.4488 0 0 0
85737.1  85737.1 5.41522 28.0632 -23.5845 0 0 0
85786.9  85786.9 4.56865 27.9853 -22.8653 0 0 0
85836.8  85836.8 4.39933 28.164 -23.2018 0 0 0
85886.8  85886.8 4.35243 28.1104 -22.9257 0 0 0
85936.5  85936.5 4.67341 27.9871 -23.2645 0 0 0
85986.4  85986.4 4.49763 27.7065 -22.8737 0 0 0
86036.3  86036.3 4.69957 27.8755 -23.096 0 0 0
86086.1  86086.1 4.57915 28.347 -22.5736 0 0 0
86136  86136 4.76551 28.3676 -23.0168 0 0 0
86185.9  86185.9 4.82775 28.5158 -22.6752 0 0 0
86235.7  86235.7 4.5492 28.2093 -23.0699 0 0 0
86285.9  86285.9 4.63587 28.2132 -22.8918 0 0 0
86335.5  86335.5 4.74986 28.3165 -22.6474 0 0 0
86385.3  86385.3 4.53694 28.1534 -22.852 0 0 0
86435.2  86435.2 4.37983 28.2122 -22.5566 0 0 0
86485.1  86485.1 4.35386 28.734 -22.4124 0 0 0
86534.9  86534.9 4.35988 28.9267 -22.9286 0 0 0
86584.8  86584.8 4.76172 28.6161 -22.5119 0 0 0
86634.7  86634.7 4.4917 29.0046 -22.4607 0 0 0
86684.5  86684.5 4.69787 28.6715 -22.4654 0 0 0
86734.4  86734.4 4.69693 28.2188 -22.4712 0 0 0
86784.3  86784.3 4.31548 28.7411 -21.9255 0 0 0
86834.1  86834.1 4.43575 28.6542 -22.6533 0 0 0
86884  86884 4.57024 28.5285 -22.1709 0 0 0
86933.9  86933.9 4.66101 29.0769 -21.9892 0 0 0
86983.7  86983.7 4.27932 28.2935 -22.6572 0 0 0
87033.6  87033.6 4.37555 29.0786 -22.0715 0 0 0
87083.5  87083.5 5.04633 28.4135 -22.5139 0 0 0
87133.3  87133.3 4.78898 29.4372 -21.3637 0 0 0
87183.2  87183.2 4.77051 30.284 -20.3012 0 0 0
87233.1  87233.1 4.77093 30.3161 -19.6154 0 0 0
87282.9  87282.9 4.52628 30.8394 -19.9195 0 0 0
87332.8  87332.8 4.67169 30.5293 -19.6336 0 0 0
87382.7  87382.7 4.30138 30.2331 -19.4983 0 0 0
87432.5  87432.5 4.72355 31.1745 -19.3151 0 0 0
87482.4  87482.4 4.66383 30.5603 -19.2797 0 0 0
87532.4  87532.4 4.90706 30.9474 -19.1052 0 0 0
87582.1  87582.1 4.74833 31.0123 -18.765 0 0 0
87632  87632 4.83888 30.8293 -19.0151 0 0 0
87681.9  87681.9 4.83596 29.6739 -20.2242 0 0 0
87739.6  87739.6 4.84862 29.28 -21.0775 0 0 0
87789.6  87789.6 4.92553 28.7156 -22.3392 0 0 0
87839.5  87839.5 5.17554 28.5489 -22.9537 0 0 0
87889.3  87889.3 4.80123 27.989 -22.9754 0 0 0
87941.1  87941.1 4.88792 27.7637 -22.6647 0 0 0
87991  87991 4.62763 28.1543 -23.175 0 0 0
88040.9  88040.9 4.43906 27.7754 -23.0199 0 0 0
88090.8  88090.8 4.69846 27.411 -23.1389 0 0 0
88140.6  88140.6 4.76999 27.8455 -23.174 0 0 0
88191.1  88191.1 4.76012 27.6189 -23.2423 0 0 0
88240.4  88240.4 4.86741 27.9605 -23.2286 0 0 0
88290.2  88290.2 5.2404 28.2463 -23.1951 0 0 0
88340.1  88340.1 4.52613 27.7613 -22.634 0 0 0
88390  88390 5.02838 27.8738 -22.8983 0 0 0
88439.8  88439.8 5.22445 28.0265 -22.9169 0 0 0
88489.7  88489.7 4.74262 28.5715 -23.2608 0 0 0
88539.6  88539.6 4.76988 28.1211 -23.2073 0 0 0
88589.4  88589.4 4.93006 28.2203 -22.6467 0 0 0
88639.3  88639.3 4.74686 28.3645 -22.584 0 0 0
88689.2  88689.2 4.97464 28.3571 -22.8253 0 0 0
88739.1  88739.1 4.49431 28.3969 -22.8212 0 0 0
88790.6  88790.6 4.93839 28.0592 -22.7905 0 0 0
88839.8  88839.8 5.2617 28.849 -23.1084 0 0 0
88889.7  88889.7 5.06389 28.5311 -22.105 0 0 0
88939.5  88939.5 5.33123 28.6336 -22.9726 0 0 0
88990.2  88990.2 5.39808 28.6852 -22.086 0 0 0
89040.3  89040.3 4.59398 28.1924 -22.5402 0 0 0
89090.1  89090.1 4.91999 28.5894 -22.0563 0 0 0
89140  89140 4.54492 28.831 -22.6649 0 0 0
89190  89190 4.45845 29.4107 -21.5563 0 0 0
89239.7  89239.7 4.4368 29.6525 -20.973 0 0 0
89289.6  89289.6 4.65388 29.7255 -20.4888 0 0 0
89339.4  89339.4 4.65193 30.5561 -20.0702 0 0 0
89389.6  89389.6 4.63001 30.5763 -19.4403 0 0 0
89439.2  89439.2 4.60004 30.4655 -19.6575 0 0 0
89489  89489 5.0102 30.7493 -19.7077 0 0 0
89538.9  89538.9 4.75607 30.9181 -19.2795 0 0 0
89588.8  89588.8 4.54274 30.8026 -19.0473 0 0 0
89638.7  89638.7 4.45885 30.9352 -18.6215 0 0 0
89688.5  89688.5 4.81675 31.2589 -19.2558 0 0 0
89738.4  89738.4 5.27959 29.965 -20.0004 0 0 0
89788.2  89788.2 4.83808 29.6968 -21.5407 0 0 0
89838.1  89838.1 4.80806 28.7734 -21.7455 0 0 0
89888  89888 4.42735 28.5696 -22.2801 0 0 0
89937.8  89937.8 4.38179 28.2159 -23.1947 0 0 0
89987.7  89987.7 4.73197 28.416 -23.2177 0 0 0
90037.7  90037.7 4.66957 27.8263 -22.7892 0 0 0
90087.4  90087.4 4.36189 27.6963 -23.0669 0 0 0
90137.3  90137.3 4.75862 27.9922 -23.077 0 0 0
90187.4  90187.4 4.87709 27.9991 -23.2661 0 0 0
90238.2  90238.2 4.59646 27.6764 -23.3057 0 0 0
90287.9  90287.9 4.79696 27.8508 -23.3632 0 0 0
90337.8  90337.8 5.09424 28.0136 -23.6507 0 0 0
90387.6  90387.6 4.61135 28.1547 -23.2181 0 0 0
90452.9  90452.9 4.49824 27.6549 -23.4094 0 0 0
90502.4  90502.4 4.83222 28.6469 -22.781 0 0 0
90552.2  90552.2 5.18465 28.2506 -23.7957 0 0 0
90602.1  90602.1 4.48749 28.5947 -23.1618 0 0 0
90651.9  90651.9 4.95469 28.333 -23.0826 0 0 0
90701.8  90701.8 4.46111 28.2156 -22.9981 0 0 0
90751.7  90751.7 4.48382 27.987 -23.0924 0 0 0
90801.5  90801.5 5.19191 28.2432 -22.8362 0 0 0
90851.4  90851.4 4.48905 28.7062 -22.6447 0 0 0
90901.3  90901.3 4.99857 28.4106 -23.059 0 0 0
90951.1  90951.1 4.61634 28.5387 -22.3148 0 0 0
91001  91001 4.64753 27.9655 -22.2849 0 0 0
91050.9  91050.9 4.75934 28.6508 -22.4633 0 0 0
91100.9  91100.9 5.08861 28.6253 -22.1622 0 0 0
91150.6  91150.6 5.04749 28.3056 -22.4787 0 0 0
91200.5  91200.5 4.7223 28.8126 -22.132 0 0 0
91250.3  91250.3 4.601 28.8767 -22.4134 0 0 0
91300.2  91300.2 5.22095 28.9019 -21.6807 0 0 0
91350.1  91350.1 4.80827 28.5797 -22.2568 0 0 0
91399.9  91399.9 4.39657 28.4211 -22.1479 0 0 0
91449.8  91449.8 5.07016 28.4241 -22.2802 0 0 0
91499.7  91499.7 4.78704 28.618 -22.1345 0 0 0
91549.5  91549.5 4.87618 29.3824 -22.1931 0 0 0
91599.4  91599.4 4.82427 29.4816 -21.5625 0 0 0
91649.3  91649.3 4.65547 29.0574 -21.0744 0 0 0
91699.1  91699.1 4.49373 29.9147 -20.0945 0 0 0
91749  91749 4.76304 30.2059 -19.8938 0 0 0
91798.9  91798.9 4.92624 30.5349 -20.0271 0 0 0
91848.7  91848.7 4.92661 30.8066 -19.8216 0 0 0
91898.9  91898.9 4.67028 30.9115 -19.3135 0 0 0
91950.5  91950.5 4.81668 30.9129 -19.2237 0 0 0
92000.3  92000.3 4.83352 31.0948 -19.348 0 0 0
92050.2  92050.2 4.99353 30.9303 -19.5138 0 0 0
92100.4  92100.4 4.79337 31.2436 -19.5772 0 0 0
92149.9  92149.9 5.22454 30.97 -19.734 0 0 0
92199.8  92199.8 4.64765 30.0298 -20.8509 0 0 0
92249.7  92249.7 4.72564 29.8387 -21.6174 0 0 0
92299.5  92299.5 4.75187 28.9138 -22.328 0 0 0
92349.4  92349.4 4.92963 28.4187 -22.8123 0 0 0
92399.3  92399.3 4.54865 27.9585 -23.0163 0 0 0
92449.2  92449.2 4.83426 28.1085 -22.8871 0 0 0
92499  92499 4.33771 27.5005 -23.0818 0 0 0
92548.9  92548.9 4.66302 27.8694 -23.3886 0 0 0
92598.7  92598.7 5.09544 28.0719 -23.3236 0 0 0
92648.6  92648.6 4.56754 27.7739 -22.8405 0 0 0
92698.5  92698.5 5.17614 27.9453 -22.6861 0 0 0
92749.3  92749.3 4.99022 27.7186 -22.8655 0 0 0
92799.2  92799.2 4.36587 28.0397 -22.6957 0 0 0
92849.1  92849.1 4.94824 28.1003 -22.8213 0 0 0
92898.9  92898.9 4.75429 28.2832 -23.1945 0 0 0
92949.8  92949.8 4.54544 28.4541 -23.1121 0 0 0
92999.7  92999.7 4.82417 28.4082 -23.1736 0 0 0
93049.5  93049.5 4.65729 28.1904 -22.4853 0 0 0
93099.4  93099.4 4.8051 27.8927 -22.9456 0 0 0
93149.3  93149.3 4.41815 28.7278 -22.8416 0 0 0
93199.3  93199.3 4.80319 28.2533 -22.7181 0 0 0
93249  93249 4.77345 28.5856 -22.7467 0 0 0
93298.9  93298.9 4.68804 28.1057 -22.5634 0 0 0
93350.8  93350.8 4.66983 28.4298 -22.4311 0 0 0
93400.6  93400.6 4.53596 28.3293 -22.3511 0 0 0
93450.5  93450.5 4.40825 28.478 -22.4255 0 0 0
93500.3  93500.3 4.96823 28.6044 -22.1866 0 0 0
93550.2  93550.2 4.74185 28.3385 -22.7382 0 0 0
93600  93600 4.73397 28.5367 -22.7046 0 0 0
93649.9  93649.9 4.71972 28.6655 -22.4031 0 0 0
93699.8  93699.8 4.42354 28.4154 -22.8233 0 0 0
93749.7  93749.7 4.46323 28.8765 -22.3708 0 0 0
93799.5  93799.5 4.3535 28.4918 -22.1743 0 0 0
93849.4  93849.4 4.68976 29.2485 -21.235 0 0 0
93899.2  93899.2 5.07811 30.0033 -20.4432 0 0 0
93949.1  93949.1 4.54263 30.1449 -19.9923 0 0 0
93999  93999 4.95143 30.5995 -19.9368 0 0 0
94048.9  94048.9 4.79518 30.9885 -20.0661 0 0 0
94098.7  94098.7 4.68756 30.8189 -19.6714 0 0 0
94148.6  94148.6 4.41976 31.3545 -19.3962 0 0 0
94198.5  94198.5 4.81614 31.013 -19.2497 0 0 0
94248.3  94248.3 4.64997 30.9931 -19.7032 0 0 0
94298.2  94298.2 4.53383 30.907 -19.0121 0 0 0
94348  94348 5.18761 31.0501 -19.3352 0 0 0
94398  94398 4.88397 30.1599 -20.8693 0 0 0
94447.8  94447.8 5.04778 29.3753 -21.7294 0 0 0
94497.7  94497.7 4.67017 29.075 -22.2217 0 0 0
94547.5  94547.5 4.59018 28.3661 -22.538 0 0 0
94597.4  94597.4 4.80699 28.3286 -23.24 0 0 0
94647.4  94647.4 4.99982 28.507 -22.8122 0 0 0
94697.1  94697.1 4.82587 28.3819 -23.3305 0 0 0
94747  94747 4.94497 27.8145 -22.7342 0 0 0
94800.7  94800.7 4.79047 27.8926 -23.2086 0 0 0
94850.7  94850.7 4.49466 27.7153 -22.9 0 0 0
94900.6  94900.6 5.03431 28.1587 -23.3092 0 0 0
94950.4  94950.4 4.36235 28.1269 -23.4027 0 0 0
95000.3  95000.3 4.97843 27.7144 -23.3898 0 0 0
95050.2  95050.2 5.02969 27.8088 -23.1539 0 0 0
95100  95100 4.34302 27.8157 -23.4011 0 0 0
95149.9  95149.9 4.53063 28.0306 -22.81 0 0 0
95199.8  95199.8 4.32759 27.9255 -22.8975 0 0 0
95249.8  95249.8 4.65463 27.9269 -22.6796 0 0 0
95301.5  95301.5 4.76355 28.4634 -22.8079 0 0 0
95353.4  95353.4 4.53099 28.2158 -22.7604 0 0 0
95403.2  95403.2 4.57028 28.1669 -22.5133 0 0 0
95453.1  95453.1 4.73898 28.1859 -22.7258 0 0 0
95503  95503 4.78491 28.766 -22.461 0 0 0
95552.8  95552.8 4.35443 28.6115 -22.5488 0 0 0
95603  95603 4.43422 28.1411 -22.7166 0 0 0
95652.6  95652.6 5.08478 28.9284 -22.7712 0 0 0
95702.4  95702.4 4.65504 28.2782 -22.2225 0 0 0
95752.3  95752.3 4.76979 28.7423 -22.1233 0 0 0
95802.4  95802.4 4.73433 28.2557 -22.0891 0 0 0
95852.1  95852.1 4.77844 28.8878 -22.6245 0 0 0
95901.9  95901.9 4.77583 28.6642 -22.7552 0 0 0
95951.8  95951.8 4.625 29.066 -22.3541 0 0 0
96002.1  96002.1 5.04588 28.581 -22.5609 0 0 0
96051.5  96051.5 5.11156 28.9162 -22.2293 0 0 0
96101.4  96101.4 4.42929 28.9838 -22.0314 0 0 0
96151.3  96151.3 4.94076 29.7628 -21.2767 0 0 0
96203.1  96203.1 4.70318 29.7433 -20.4878 0 0 0
96254.8  96254.8 4.86558 30.3395 -20.729 0 0 0
96304.8  96304.8 4.67293 30.3605 -19.6422 0 0 0
96354.7  96354.7 4.86853 30.5676 -19.4723 0 0 0
96404.6  96404.6 4.92302 30.8902 -19.4548 0 0 0
96457  96457 5.1675 30.9406 -19.3922 0 0 0
96507.3  96507.3 4.65228 30.7881 -19.0779 0 0 0
96557.1  96557.1 4.69338 30.7159 -19.1944 0 0 0
96607  96607 4.93021 30.7481 -19.0506 0 0 0
96656.9  96656.9 4.75998 31.1522 -19.1899 0 0 0
96706.7  96706.7 4.88801 30.1954 -21.1738 0 0 0
96756.6  96756.6 4.499 29.2624 -21.4306 0 0 0
96807.5  96807.5 4.74571 28.8457 -21.4452 0 0 0
96857.4  96857.4 4.80181 28.5619 -22.4969 0 0 0
96907.2  96907.2 5.08071 28.1723 -22.5671 0 0 0
96957.1  96957.1 4.77882 28.229 -22.9062 0 0 0
97007  97007 4.7036 28.4099 -22.9593 0 0 0
97056.9  97056.9 4.50247 27.8478 -23.2465 0 0 0
97106.7  97106.7 4.94778 27.93 -23.2203 0 0 0
97156.5  97156.5 4.75291 28.3362 -23.2875 0 0 0
97206.5  97206.5 4.5356 28.1974 -23.5051 0 0 0
97256.3  97256.3 4.58169 27.8851 -23.1189 0 0 0
97306.2  97306.2 4.55591 27.6445 -23.3379 0 0 0
97356  97356 4.54921 27.84 -23.0473 0 0 0
97405.9  97405.9 4.66707 27.9432 -22.7284 0 0 0
97455.7  97455.7 4.84788 28.2569 -23.0206 0 0 0
97505.7  97505.7 4.63584 28.0709 -23.3203 0 0 0
97555.5  97555.5 4.41731 28.1983 -23.3248 0 0 0
97605.3  97605.3 4.68693 28.2494 -22.8122 0 0 0
97655.2  97655.2 4.5111 28.0422 -23.116 0 0 0
97705.2  97705.2 4.94558 28.2118 -22.8518 0 0 0
97754.9  97754.9 5.03752 28.4948 -22.7411 0 0 0
97804.8  97804.8 4.69677 28.2829 -22.5955 0 0 0
97854.7  97854.7 4.70382 28.4915 -22.9082 0 0 0
97904.6  97904.6 4.66124 28.1485 -22.645 0 0 0
97958.3  97958.3 4.51669 29.114 -22.6078 0 0 0
98008.3  98008.3 4.81707 28.2882 -22.5469 0 0 0
98058.1  98058.1 4.52316 28.5416 -22.8177 0 0 0
98108  98108 4.6435 28.5599 -22.3794 0 0 0
98157.9  98157.9 4.72842 28.5852 -22.6211 0 0 0
98207.9  98207.9 4.54323 28.8482 -22.8652 0 0 0
98257.6  98257.6 4.79388 28.9098 -22.0802 0 0 0
98307.5  98307.5 4.82339 29.3829 -21.3881 0 0 0
98357.8  98357.8 5.18276 29.9408 -20.603 0 0 0
98407.2  98407.2 4.66226 30.3332 -20.3573 0 0 0
98457.1  98457.1 4.75621 30.4409 -19.7524 0 0 0
98506.9  98506.9 4.86135 30.6053 -19.6782 0 0 0
98556.8  98556.8 4.7556 30.7619 -19.4053 0 0 0
98609.7  98609.7 4.61517 30.798 -19.1336 0 0 0
98659.5  98659.5 4.25087 31.3902 -19.7806 0 0 0
98709.4  98709.4 4.81069 30.6748 -18.8592 0 0 0
98759.3  98759.3 4.89978 31.0095 -19.3424 0 0 0
98809.1  98809.1 4.54506 30.9159 -18.9381 0 0 0
98859  98859 4.49278 30.0215 -20.2666 0 0 0
98908.9  98908.9 4.64311 29.5042 -21.5331 0 0 0
98960.1  98960.1 4.4178 28.6657 -21.8657 0 0 0
99009.6  99009.6 5.01628 28.7876 -22.4381 0 0 0
99059.5  99059.5 4.66492 28.1182 -22.9938 0 0 0
99109.3  99109.3 4.75899 28.1414 -23.2592 0 0 0
99159.5  99159.5 4.84664 28.0888 -22.897 0 0 0
99210.1  99210.1 4.53847 27.4514 -23.1179 0 0 0
99259.9  99259.9 4.88689 28.439 -23.0215 0 0 0
99309.8  99309.8 5.16983 28.112 -23.5292 0 0 0
99359.7  99359.7 4.6197 27.763 -23.2979 0 0 0
99409.5  99409.5 4.60326 27.8127 -23.105 0 0 0
99459.5  99459.5 4.63294 27.9806 -23.0367 0 0 0
99509.3  99509.3 4.72904 28.4467 -23.131 0 0 0
99559.3  99559.3 4.78041 28.5469 -23.1353 0 0 0
99609  99609 5.17856 28.3443 -23.2249 0 0 0
99658.9  99658.9 4.92058 28.4127 -22.863 0 0 0
99709  99709 4.20175 28.3726 -22.7792 0 0 0
99758.7  99758.7 4.90677 28.241 -23.2724 0 0 0
99808.5  99808.5 4.8283 28.0888 -22.742 0 0 0
99858.3  99858.3 4.76984 28.2067 -22.9998 0 0 0
99908.2  99908.2 4.34806 28.169 -22.3087 0 0 0
99958.1  99958.1 5.04211 28.0603 -22.922 0 0 0
100008  100008 5.06494 28.354 -22.5317 0 0 0
100058  100058 5.10757 28.9848 -22.456 0 0 0
100108  100108 4.63329 28.6671 -22.4904 0 0 0
100158  100158 4.58837 28.7241 -22.3035 0 0 0
100207  100207 4.97038 28.6374 -22.482 0 0 0
100257  100257 4.84974 28.4689 -22.4212 0 0 0
100307  100307 4.59845 28.532 -22.3003 0 0 0
100357  100357 4.68833 28.7039 -22.7632 0 0 0
100408  100408 4.98124 29.121 -21.8978 0 0 0
100458  100458 4.64294 29.749 -21.2143 0 0 0
100508  100508 4.42744 30.0045 -20.5017 0 0 0
100558  100558 4.60316 30.5533 -19.9591 0 0 0
100608  100608 4.34507 30.2971 -19.5746 0 0 0
100658  100658 4.76379 30.696 -19.3442 0 0 0
100708  100708 4.79106 31.1087 -19.6915 0 0 0
100758  100758 5.04944 30.5651 -19.3964 0 0 0
100808  100808 4.32425 30.3552 -19.4367 0 0 0
100858  100858 4.61213 30.9673 -19.1052 0 0 0
100908  100908 4.86204 31.1497 -19.4995 0 0 0
100957  100957 4.74427 30.2006 -20.7491 0 0 0
101007  101007 4.70436 29.6222 -21.4407 0 0 0
101057  101057 4.77353 28.7333 -21.667 0 0 0
101107  101107 5.09815 28.8422 -22.8009 0 0 0
101157  101157 4.67538 28.9621 -22.6789 0 0 0
101207  101207 4.70816 28.3022 -22.8059 0 0 0
101257  101257 4.5242 28.1115 -23.2837 0 0 0
101306  101306 4.90023 27.5823 -23.152 0 0 0
101356  101356 4.6694 28.097 -23.2008 0 0 0
101406  101406 4.50688 28.1371 -23.1941 0 0 0
101456  101456 4.57681 28.2166 -23.6398 0 0 0
101506  101506 4.93672 27.8709 -23.1008 0 0 0
101556  101556 5.0237 28.005 -23.2359 0 0 0
101606  101606 4.62052 27.5983 -23.1499 0 0 0
101656  101656 4.42121 27.9582 -22.9568 0 0 0
101705  101705 4.49364 28.087 -23.3842 0 0 0
101755  101755 4.26053 27.8897 -22.8253 0 0 0
101805  101805 4.86666 27.9673 -22.3935 0 0 0
101855  101855 4.69331 28.6394 -22.8135 0 0 0
101906  101906 4.42313 28.7321 -22.9517 0 0 0
101956  101956 4.91863 28.4186 -22.5746 0 0 0
102006  102006 4.51682 28.2248 -22.4797 0 0 0
102055  102055 4.46618 28.2585 -22.1505 0 0 0
102105  102105 4.97574 28.7726 -22.2797 0 0 0
102155  102155 5.03429 28.4985 -22.8792 0 0 0
102205  102205 4.29987 28.7937 -22.6536 0 0 0
102255  102255 4.70868 28.1018 -22.4108 0 0 0
102305  102305 4.60001 28.4198 -22.5999 0 0 0
102355  102355 4.73576 28.8856 -22.6041 0 0 0
102405  102405 5.13408 28.3094 -21.8976 0 0 0
102454  102454 4.88444 28.8918 -22.7622 0 0 0
102504  102504 4.86839 28.5792 -22.5496 0 0 0
102555  102555 4.94781 28.7987 -22.108 0 0 0
102605  102605 4.59214 28.967 -22.3228 0 0 0
102655  102655 4.71553 28.4668 -22.2678 0 0 0
102705  102705 4.45728 28.7776 -22.5408 0 0 0
102755  102755 4.72077 28.8287 -22.1537 0 0 0
102804  102804 4.60965 28.2219 -22.5726 0 0 0
102854  102854 4.99639 28.6874 -22.0149 0 0 0
102904  102904 5.07074 28.8163 -22.3431 0 0 0
102954  102954 4.82775 28.7955 -22.0652 0 0 0
103004  103004 4.81739 28.713 -22.403 0 0 0
103054  103054 4.86364 28.699 -22.5579 0 0 0
103104  103104 5.05558 28.6474 -22.2699 0 0 0
103154  103154 4.76759 29.1141 -22.7011 0 0 0
103203  103203 4.78258 28.9724 -22.0115 0 0 0
103253  103253 5.19956 29.008 -21.6949 0 0 0
103303  103303 4.10175 29.6276 -22.1781 0 0 0
103353  103353 5.01268 29.1376 -22.3103 0 0 0
