1533558218643476480 0.0198992 -0.000139523 -0.000150658 0.116117 0.0189079 0.387714
1533558218886481664 0.0201796 0.000320589 -0.000707786 0.111195 0.0180931 0.380327
1533558219063485440 0.0205428 0.000255137 3.46856e-05 0.0847797 0.0137214 0.380705
1533558219264489728 0.0206915 -2.44699e-05 -0.000102253 0.0340907 0.00531991 0.389259
1533558219498494720 0.0209254 -5.16016e-05 -0.000172001 -0.0290984 -0.00515376 0.397169
1533558219732499712 0.0214692 -3.51778e-05 -7.39555e-05 -0.0923587 -0.0156316 0.403427
1533558219945504256 0.0219858 0.000585529 0.000453002 -0.140265 -0.0235743 0.410341
1533558220131508224 0.0220741 0.000337533 0.00065536 -0.18727 -0.0313744 0.407095
1533558220353512960 0.0216873 0.000767838 0.000221303 -0.216437 -0.0362248 0.409283
1533558220545517056 0.0220262 0.000574275 0.000783058 -0.23858 -0.0399097 0.416711
1533558220734521088 0.0217963 0.001075 0.000504849 -0.253822 -0.0424579 0.422181
1533558220944525568 0.0224305 0.000337952 0.000758037 -0.240585 -0.0403314 0.449637
1533558221133529600 0.0230721 -0.000168482 0.000974945 -0.179053 -0.030269 0.495321
1533558221352534272 0.023748 0.000397457 0.000891705 -0.0816537 -0.0142457 0.503828
1533558221541538304 0.024848 3.18148e-05 0.00122031 0.00811705 0.000534837 0.492494
1533558221754542848 0.0296289 6.17831e-05 0.00113733 0.0858588 0.0133231 0.481228
1533558221964547328 0.0339599 -0.00015791 0.000473249 0.121231 0.0191467 0.479384
1533558222147551232 0.0355294 -0.000130894 0.000927106 0.128464 0.0203594 0.484381
1533558222375556096 0.0348287 0.00010855 0.00120938 0.108991 0.0171652 0.493855
1533558222603560960 0.0346972 -0.000232979 0.000790146 0.073113 0.0112823 0.499176
1533558222780564736 0.0366614 -0.000536993 0.000206833 0.0257099 0.00348658 0.504024
1533558223014569728 0.0369352 -0.000630183 0.000556396 -0.0162701 -0.00342856 0.511558
1533558223206573824 0.036437 -0.000171372 0.000361233 -0.0569505 -0.010128 0.510807
1533558223395577856 0.0391782 0.0001383 0.000568559 -0.0911729 -0.0157588 0.52002
1533558223617582592 0.0394121 -0.000808402 0.000519779 -0.0847245 -0.0147242 0.549345
1533558223821586944 0.0399448 -0.00120811 0.000633211 -0.0324652 -0.00615406 0.585274
1533558224034591488 0.0431464 -0.00229372 0.000574248 0.0475101 0.00707486 0.569867
1533558224226595584 0.0461834 -0.00297068 0.000754925 0.122092 0.0194174 0.55695
1533558224436600064 0.047756 -0.00163459 0.000858755 0.169791 0.02729 0.558582
1533558224664604928 0.0507356 -0.00143795 0.000781115 0.185973 0.0299691 0.570636
1533558224874609408 0.0526874 -0.00191694 8.68801e-05 0.173453 0.0279524 0.578487
1533558225072613632 0.0546893 -0.00183953 0.000426278 0.143709 0.0231109 0.583951
1533558225264617728 0.055223 -0.00222692 0.000627991 0.0965047 0.0153985 0.584973
1533558225489622528 0.0562656 -0.00194661 0.00046707 0.0439202 0.00682763 0.5811
1533558225714627328 0.0567581 -0.00259862 0.000742311 -0.00659827 -0.00139367 0.583205
1533558225915631616 0.0575514 -0.00236009 0.000643311 -0.0440634 -0.00750225 0.590209
1533558226098635520 0.0580005 -0.00217529 0.000683249 -0.0746612 -0.0124804 0.593416
1533558226269639168 0.0574513 -0.00209385 0.000294272 -0.099711 -0.0165448 0.59338
1533558226485643776 0.0579989 -0.00215417 0.000507386 -0.119277 -0.0196886 0.604812
1533558226722648832 0.0583964 -0.00268482 0.000479458 -0.111136 -0.0182967 0.611749
1533558226920653056 0.0563724 -0.00216051 0.000679592 -0.0516817 -0.0084911 0.64338
1533558227169658368 0.0583649 -0.00429076 0.000961876 0.0434626 0.00723181 0.644134
1533558227361662464 0.0609713 -0.00405033 0.000423804 0.13346 0.0221238 0.626953
1533558227538666240 0.0640794 -0.00367934 0.00047576 0.210176 0.0348625 0.617875
1533558227823672320 0.0663317 -0.00403515 0.000776222 0.237324 0.039432 0.61036
1533558228012676352 0.0683154 -0.00327529 0.000488223 0.23401 0.0389848 0.604945
1533558228246681344 0.0676625 -0.00286773 0.000588953 0.200828 0.0335799 0.602061
1533558228444685568 0.0688679 -0.00330007 0.000675898 0.148 0.0248898 0.60488
1533558228684690688 0.0696569 -0.00256044 0.000776657 0.0913128 0.0155348 0.609192
1533558228879694848 0.0694026 -0.00296106 0.000556673 0.0389323 0.00687877 0.600097
1533558229083699200 0.0709695 -0.00343768 0.00013341 -0.0157484 -0.00219891 0.591528
1533558229329704448 0.072153 -0.00383399 0.000511803 -0.0507904 -0.00801874 0.583634
1533558229518708480 0.0725376 -0.00348397 0.000689016 -0.08075 -0.0130141 0.586809
1533558229686712064 0.0724323 -0.00411489 0.000530717 -0.0888572 -0.0144563 0.617391
1533558229908716800 0.0734996 -0.00420934 0.000687432 -0.0528043 -0.00864564 0.654773
1533558230118721280 0.0754756 -0.00554497 0.000874002 0.0185237 0.00298459 0.669948
1533558230301725184 0.0780658 -0.00629394 0.000684275 0.106217 0.017338 0.652389
1533558230526729984 0.0812011 -0.00568389 0.000312425 0.172022 0.0280741 0.638942
1533558230757734912 0.0830126 -0.00527231 0.000906458 0.198695 0.0323567 0.629336
1533558230997740032 0.0867125 -0.0056013 0.000537219 0.189231 0.0306818 0.627177
1533558231186744064 0.0879627 -0.00444317 0.000891472 0.159898 0.0257047 0.628025
1533558231390748416 0.088315 -0.00538079 0.000926403 0.105822 0.0165951 0.640222
1533558231615753216 0.0897093 -0.0053353 0.000796978 0.0525336 0.00765945 0.651834
1533558231822757632 0.0897446 -0.00502251 0.000810764 0.014395 0.00120211 0.669654
1533558231999761408 0.0884699 -0.00621801 0.000889037 0.00858562 8.55109e-05 0.708759
1533558232212765952 0.090605 -0.00738761 0.000996065 0.0430094 0.00568401 0.743109
1533558232404770048 0.0921129 -0.00790597 0.00122289 0.0889632 0.013296 0.730611
1533558232584773888 0.0952983 -0.0076327 0.000997224 0.132351 0.0205167 0.719861
1533558232827779072 0.0964917 -0.00708579 0.00105569 0.138868 0.0216749 0.723177
1533558233091784704 0.0995712 -0.00712517 0.000971504 0.114363 0.0177246 0.72022
1533558233292788992 0.101179 -0.00694709 0.00100083 0.0598372 0.00890022 0.725609
1533558233538794240 0.102017 -0.00730116 0.00113521 -0.00207428 -0.0011372 0.725493
1533558233718798080 0.103076 -0.00677317 0.00114872 -0.0544855 -0.00963446 0.726097
1533558233907802112 0.102836 -0.00744152 0.000917279 -0.106558 -0.0180908 0.731664
1533558234087805952 0.102634 -0.00683095 0.00075877 -0.145478 -0.0243919 0.757394
1533558234321810944 0.103878 -0.00724314 0.00121436 -0.131676 -0.0220525 0.793285
1533558234510814976 0.105253 -0.00856178 0.00101624 -0.0709815 -0.0119806 0.800034
1533558234738819840 0.110064 -0.00891237 0.00115275 -0.00181428 -0.000468836 0.776501
1533558234945824256 0.113507 -0.00798954 0.00137623 0.0455476 0.00740975 0.77196
1533558235161828864 0.115921 -0.00857805 0.00130122 0.0622891 0.010235 0.774969
1533558235362833152 0.117482 -0.00689028 0.00117677 0.0500592 0.00827016 0.788345
1533558235587837952 0.116887 -0.00797527 0.00157086 0.0146267 0.00248666 0.796165
1533558235800842496 0.117768 -0.00705052 0.00157987 -0.0290009 -0.0046538 0.803276
1533558235992846592 0.118581 -0.00680302 0.00171682 -0.0778475 -0.0126469 0.808676
1533558236199851008 0.117799 -0.00725973 0.0015567 -0.123648 -0.0201072 0.813997
1533558236385854976 0.11873 -0.00742481 0.00144426 -0.211643 -0.0345583 0.83316
1533558236643860480 0.117562 -0.00779547 0.00147852 -0.287219 -0.0469985 0.855975
1533558236823864320 0.115739 -0.00884934 0.0015348 -0.389534 -0.0637799 0.848408
1533558237033868800 0.113383 -0.00921174 0.00118963 -0.466962 -0.0764452 0.836865
1533558237198872320 0.111065 -0.009308 0.00126729 -0.51135 -0.0836902 0.841135
1533558237393876480 0.10946 -0.00903105 0.00148304 -0.523936 -0.0857092 0.851746
1533558237615881216 0.108495 -0.00889121 0.00136406 -0.492666 -0.0804557 0.853074
1533558237807885312 0.106702 -0.00922488 0.00144756 -0.430067 -0.0700047 0.851754
1533558238020889856 0.105508 -0.00805046 0.00159464 -0.339013 -0.0548742 0.847456
1533558238233894400 0.104171 -0.00834141 0.00146484 -0.238808 -0.0382742 0.837066
1533558238422898432 0.10363 -0.00888458 0.00155674 -0.164772 -0.0260118 0.83707
1533558238608902400 0.103248 -0.00872237 0.00134366 -0.0666885 -0.00979966 0.838084
1533558238788906240 0.102612 -0.00904452 0.00151506 0.00207306 0.00153327 0.857416
1533558239010910976 0.102241 -0.0097162 0.00151363 0.0213187 0.00467985 0.889873
1533558239214915328 0.100202 -0.0106706 0.00118982 0.00405456 0.00181166 0.880002
1533558239397919232 0.0971583 -0.0111215 0.00115252 -0.0151292 -0.00133537 0.857521
1533558239580923136 0.0954975 -0.010808 0.00128949 -0.0175036 -0.00172909 0.842134
1533558239844928768 0.0926236 -0.00997963 0.00134767 0.00563266 0.00206673 0.84301
1533558240069933568 0.0902454 -0.0102903 0.00114361 0.0609795 0.0111458 0.840072
1533558240264937728 0.0889659 -0.0104603 0.00118309 0.122209 0.021202 0.84021
1533558240474942208 0.0878813 -0.0105856 0.00103856 0.190177 0.0323345 0.842736
1533558240666946304 0.0874301 -0.0107219 0.00106997 0.269076 0.04527 0.838103
1533558240900951296 0.0862546 -0.010248 0.000845842 0.313353 0.0524821 0.850949
1533558241098955520 0.0858576 -0.0108664 0.00100677 0.312168 0.0521754 0.878282
1533558241266959104 0.0826344 -0.0118123 0.000907596 0.268604 0.044861 0.90141
1533558241485963776 0.0791728 -0.01208 0.00101436 0.206172 0.0344947 0.892449
1533558241656967424 0.0766383 -0.0119818 0.00100346 0.158544 0.0265765 0.889383
1533558241875972096 0.0745515 -0.0109678 0.000914975 0.139328 0.0233256 0.885902
1533558242106977024 0.0726981 -0.0113585 0.000724398 0.148048 0.0246628 0.890368
1533558242340982016 0.0710405 -0.0117359 0.000657506 0.17908 0.0296752 0.890324
1533558242562986752 0.0702759 -0.0121305 0.000772193 0.22018 0.0363414 0.896956
1533558242772991232 0.0686832 -0.011386 0.000810939 0.270087 0.0444401 0.908701
1533558243012996352 0.0683173 -0.0118412 0.000885443 0.311456 0.0511463 0.914055
1533558243208000512 0.0683368 -0.0119991 0.00066942 0.3302 0.05415 0.933748
1533558243418004992 0.066542 -0.012185 0.000768228 0.301477 0.0493451 0.961464
1533558243610009088 0.0651651 -0.0133505 0.000974164 0.200741 0.0327254 0.98001
1533558243904015360 0.061902 -0.0140162 0.000627488 0.108617 0.0175866 0.971265
1533558244111019776 0.0590713 -0.0133455 0.000595773 0.0587764 0.00939476 0.966337
1533558244306023936 0.0569392 -0.013516 0.000752686 0.0281338 0.00436064 0.971223
1533558244504028160 0.0554581 -0.0131716 0.000565516 0.0241071 0.00369618 0.982674
1533558244687032064 0.0540033 -0.0130949 0.000911879 0.038593 0.00605756 0.990739
1533558244876036096 0.0532501 -0.0136602 0.000443851 0.0687408 0.0109948 0.995624
1533558245092040704 0.0532842 -0.0134062 0.000604876 0.105541 0.017041 0.997478
1533558245287044864 0.0527833 -0.0137631 0.000532252 0.138564 0.0224721 1.00098
1533558245476048896 0.0520375 -0.013807 0.000627608 0.159225 0.0258579 1.01866
1533558245665052928 0.0515427 -0.0145497 0.000549731 0.142515 0.0230836 1.04638
1533558245857057024 0.0505317 -0.0148364 0.000454268 0.0849394 0.0135904 1.0785
1533558246058061312 0.0484718 -0.0160379 0.000628205 0.00809303 0.00102213 1.05861
1533558246256065536 0.0452698 -0.0157757 0.000322547 -0.0600474 -0.0101441 1.04267
1533558246463069952 0.0431033 -0.015511 0.000568085 -0.0994561 -0.0166193 1.02657
1533558246679074560 0.0408468 -0.015203 0.000378257 -0.107278 -0.0179119 1.00991
1533558246913079552 0.0391814 -0.01521 0.000206659 -0.0856333 -0.0143551 1.00378
1533558247114083840 0.0388309 -0.0153245 0.000375407 -0.0484702 -0.00823093 1.00771
1533558247330088448 0.0379293 -0.0149991 0.000384019 -0.00136704 -0.000471074 1.01502
1533558247516092416 0.0372146 -0.0148789 0.000445195 0.0426574 0.00678164 1.01243
1533558247699096320 0.0366616 -0.0157996 0.000302189 0.0839854 0.0135911 1.01936
1533558247903100672 0.035493 -0.0160799 0.000566725 0.0903856 0.0146317 1.04064
1533558248092104704 0.0348175 -0.0158422 0.000221437 0.051596 0.00819298 1.07823
1533558248305109248 0.0328298 -0.0172962 0.000411725 -0.0115981 -0.00220046 1.06208
1533558248482113024 0.0307007 -0.0172444 0.000338399 -0.0837374 -0.0140792 1.04328
1533558248716118016 0.027647 -0.0168547 0.000524972 -0.126173 -0.0211176 1.03713
1533558248941122816 0.025773 -0.016846 0.000215281 -0.130501 -0.0218664 1.03493
1533558249142127104 0.0246389 -0.0167385 0.000528426 -0.111256 -0.018766 1.03413
1533558249337131264 0.0231418 -0.0168875 0.000393105 -0.0696684 -0.0119625 1.04155
1533558249580136448 0.0223471 -0.016297 0.000383254 -0.0105629 -0.00223882 1.0365
1533558249808141312 0.0209865 -0.01732 0.000485019 0.0424391 0.0064689 1.03753
1533558249997145344 0.0207904 -0.0165954 0.000361899 0.0684125 0.010715 1.06142
1533558250216150016 0.0194308 -0.0175587 0.000523854 0.0482751 0.00736609 1.09773
1533558250420154368 0.0182992 -0.0189244 0.000348354 -0.0105562 -0.00224539 1.11301
1533558250612158464 0.0154027 -0.0189012 0.000572196 -0.0810303 -0.0136691 1.0979
1533558250837163264 0.0131707 -0.0188762 0.000179214 -0.118191 -0.0196559 1.09508
1533558251014167040 0.010972 -0.0178837 0.000498604 -0.134512 -0.0222162 1.08752
1533558251224171520 0.00932912 -0.0187407 -3.24911e-05 -0.120723 -0.0198206 1.08566
1533558251443176192 0.00760119 -0.0186856 0.000179647 -0.0926539 -0.0151024 1.08117
1533558251626180096 0.00660592 -0.0193095 0.000332742 -0.0477998 -0.00760749 1.07822
1533558251827184384 0.0057371 -0.0186752 8.36089e-05 0.00524347 0.0012137 1.07277
1533558252061189376 0.00523257 -0.0186219 0.000352016 0.0455858 0.00787526 1.08447
1533558252250193408 0.00479601 -0.0192221 -3.39477e-06 0.043716 0.00749371 1.11323
1533558252475198208 0.00293673 -0.0201168 0.000338462 -0.0073519 -0.00101774 1.13772
1533558252679202560 0.000781224 -0.0206307 0.000324648 -0.0670683 -0.0108715 1.11339
1533558252874206720 -0.00165104 -0.0196733 0.000359159 -0.111065 -0.0181031 1.1069
1533558253093211392 -0.00433954 -0.0202142 0.000196565 -0.12994 -0.0211833 1.10648
1533558253303215872 -0.00572044 -0.0196614 0.000102016 -0.117863 -0.0191725 1.10098
1533558253483219712 -0.00729446 -0.0192768 0.000578167 -0.0926945 -0.0150138 1.102
1533558253666223616 -0.0081309 -0.019985 0.000309507 -0.046773 -0.00744229 1.10369
1533558253852227584 -0.00876179 -0.0195082 0.000410245 0.00239609 0.00066018 1.10365
1533558254044231680 -0.00949436 -0.0196148 0.00028461 0.0616158 0.0104254 1.10165
1533558254281236736 -0.00995664 -0.0193538 0.000232849 0.10269 0.0171816 1.11434
1533558254470240768 -0.0110364 -0.0201604 0.000448758 0.108116 0.0179935 1.15064
1533558254695245568 -0.011645 -0.0205822 0.000429502 0.0552466 0.00919216 1.19748
1533558254908250112 -0.0136845 -0.0226527 -0.000102217 -0.0132787 -0.00210579 1.17847
1533558255115254528 -0.0164406 -0.0218916 2.85558e-05 -0.0686222 -0.0112275 1.16987
1533558255313258752 -0.0181931 -0.0210293 0.000464312 -0.103886 -0.0170362 1.16862
1533558255520263168 -0.0209467 -0.0213574 0.000499723 -0.10655 -0.0174827 1.16774
1533558255730267648 -0.0217079 -0.0211095 4.01608e-05 -0.0770633 -0.0126251 1.16441
1533558255982273024 -0.0231938 -0.02141 8.18062e-05 -0.026529 -0.00425361 1.16818
1533558256216278016 -0.0239211 -0.0211639 0.000266463 0.0254521 0.00438771 1.17331
1533558256411282176 -0.0243662 -0.0217458 0.000323069 0.0753629 0.0126692 1.17328
1533558256612286464 -0.0243641 -0.021135 -1.06149e-05 0.117125 0.0195895 1.18193
1533558256795290368 -0.0246348 -0.0210002 0.000185059 0.125096 0.0209019 1.20154
1533558256999294720 -0.0253297 -0.0214298 0.000381007 0.0891206 0.0149561 1.23756
1533558257173298432 -0.0274101 -0.0226405 0.000257677 0.0251984 0.00452244 1.23499
1533558257386302976 -0.028894 -0.0225487 -2.7175e-05 -0.0364408 -0.00550687 1.2265
1533558257578307072 -0.0308045 -0.0222711 0.000443828 -0.0794147 -0.012515 1.23451
1533558257773311232 -0.0332829 -0.0225229 0.000228449 -0.0917832 -0.0145332 1.23767
1533558258010316288 -0.035099 -0.0218954 4.98923e-05 -0.0736576 -0.0115949 1.23914
1533558258214320640 -0.0360962 -0.0224649 -1.59437e-05 -0.0342324 -0.00517822 1.24029
1533558258421325056 -0.036484 -0.021866 -0.000253062 0.013674 0.00263286 1.24739
1533558258613329152 -0.0374259 -0.0224121 -0.000133642 0.0578294 0.00983344 1.25281
1533558258799333120 -0.0367434 -0.0214866 0.00044684 0.0865447 0.0144575 1.27783
1533558259027337984 -0.0377249 -0.0222821 0.000569208 0.0676024 0.0112118 1.32267
1533558259225342208 -0.0395564 -0.0228061 0.000696506 0.0160817 0.00265602 1.32837
1533558259408346112 -0.041497 -0.022392 0.000131076 -0.0363113 -0.00600602 1.31708
1533558259597350144 -0.0434723 -0.0228084 -0.000209732 -0.0738125 -0.0122225 1.31798
1533558259819354880 -0.045679 -0.0224707 0.000325439 -0.0790957 -0.0131187 1.31309
1533558260071360256 -0.0476392 -0.0221455 6.06566e-05 -0.0555934 -0.00923175 1.3106
1533558260263364352 -0.048368 -0.0219733 0.000305042 -0.013179 -0.00223881 1.30197
1533558260476368896 -0.049182 -0.0220078 0.000534126 0.0341473 0.00554307 1.29606
1533558260659372800 -0.0494636 -0.0220219 0.0001691 0.0831593 0.0136098 1.29111
1533558260848376832 -0.0493234 -0.0221436 0.000437611 0.135385 0.0222153 1.29546
1533558261076381696 -0.0493822 -0.021649 0.000667923 0.176176 0.028951 1.31106
1533558261271385856 -0.0502241 -0.0221368 0.000417059 0.175183 0.0287924 1.34151
1533558261469390080 -0.0498488 -0.0220565 0.00100229 0.111396 0.0182736 1.38641
1533558261721395456 -0.0523882 -0.0237172 0.000328225 0.0208734 0.00343902 1.36133
1533558261952400384 -0.0528965 -0.0222007 0.000462702 -0.0421764 -0.00691021 1.35006
1533558262150404608 -0.0530276 -0.0216214 0.0010815 -0.0828674 -0.0135852 1.34804
1533558262357409024 -0.0540164 -0.0211764 0.000832685 -0.090045 -0.0147317 1.35123
1533558262555413248 -0.0557169 -0.0213891 0.000572225 -0.0732976 -0.0119007 1.34027
1533558262783418112 -0.05658 -0.0214198 0.000490397 -0.0308929 -0.0047948 1.32776
1533558263014423040 -0.0574901 -0.0218309 0.000338703 0.0149976 0.00286503 1.32055
1533558263227427584 -0.0580319 -0.0217906 0.000629542 0.0524501 0.00910739 1.31218
1533558263398431232 -0.0584107 -0.0219498 0.00067945 0.0693963 0.0119303 1.32447
1533558263614435840 -0.0592114 -0.0224101 0.00053147 0.0406947 0.00717143 1.3585
1533558263818440192 -0.0602113 -0.0228891 0.00127966 -0.0150511 -0.001996 1.35881
1533558264001444096 -0.0607422 -0.0227902 0.000674403 -0.0771091 -0.0121539 1.34816
1533558264193448192 -0.0623453 -0.0225682 0.000667829 -0.12085 -0.0192921 1.34881
1533558264394452480 -0.0642661 -0.0221931 0.000415548 -0.134771 -0.0215291 1.34642
1533558264610457088 -0.0650649 -0.0218082 0.000394647 -0.118597 -0.0188279 1.34692
1533558264832461824 -0.065975 -0.0220201 0.000217713 -0.0883504 -0.0138252 1.34966
1533558264973464832 -0.066743 -0.0221123 0.000654447 -0.0505496 -0.00758108 1.35408
1533558265171469056 -0.0671804 -0.0219404 0.000818587 -0.00169494 0.000481819 1.35676
1533558265366473216 -0.0676071 -0.0223374 0.000655105 0.0495531 0.00895261 1.36165
1533558265567477504 -0.0670654 -0.0222407 0.000866146 0.0932665 0.0161274 1.37581
1533558265780482048 -0.0675573 -0.0220549 0.00110898 0.0890128 0.0153812 1.416
1533558265981486336 -0.0685503 -0.022816 0.000887744 0.0417459 0.00753557 1.45673
1533558266146489856 -0.0689699 -0.0235549 0.00123652 -0.0390332 -0.0057391 1.43982
1533558266386494976 -0.0713164 -0.0227151 0.00131636 -0.101822 -0.0160197 1.43565
1533558266581499136 -0.0731478 -0.0228275 0.00102385 -0.127993 -0.0203158 1.42936
1533558266764503040 -0.074072 -0.0232329 0.00108168 -0.132468 -0.0210416 1.41753
1533558267010508288 -0.0759098 -0.0224711 0.000908281 -0.106035 -0.0166709 1.40639
1533558267214512640 -0.0768539 -0.0224126 0.000580221 -0.0528416 -0.00789888 1.39893
1533558267448517632 -0.0771419 -0.023194 0.000959851 -0.00234567 0.000410352 1.39684
1533558267643521792 -0.0773463 -0.0231938 0.000928566 0.0525217 0.00941177 1.4042
1533558267865526528 -0.0768498 -0.0230807 0.00110565 0.066858 0.0116782 1.43593
1533558268102531584 -0.0779023 -0.0235329 0.00132191 0.0338314 0.00617619 1.477
1533558268297535744 -0.0793541 -0.0244927 0.00116236 -0.0355848 -0.00523838 1.46055
1533558268528540672 -0.081746 -0.0243432 0.00112513 -0.0793062 -0.0124094 1.45396
1533558268729544960 -0.0841743 -0.0242316 0.00141242 -0.0979675 -0.0154672 1.44895
1533558268960549888 -0.0853889 -0.0242559 0.0012161 -0.0843788 -0.0132422 1.4445
1533558269155554048 -0.0865286 -0.0237472 0.00137481 -0.0538142 -0.00824801 1.44322
1533558269341558016 -0.0876194 -0.0246167 0.0011775 0.00377286 0.00113787 1.44368
1533558269554562560 -0.0880066 -0.0241969 0.00123749 0.0686184 0.0117173 1.45161
1533558269779567360 -0.0883636 -0.0242274 0.00108388 0.118339 0.0198325 1.46404
1533558269980571648 -0.0889752 -0.0245977 0.0011947 0.133588 0.0222337 1.48834
1533558270202576384 -0.089454 -0.0250901 0.00136722 0.100688 0.0166802 1.53242
1533558270391580416 -0.0917714 -0.0262285 0.0013976 0.0490157 0.00816174 1.5215
1533558270562584064 -0.0938143 -0.0256773 0.00126644 0.00153111 0.000339461 1.51609
1533558270751588096 -0.0954038 -0.025169 0.00111197 -0.0306007 -0.00497079 1.50704
1533558270937592064 -0.096551 -0.0250518 0.00146096 -0.0380613 -0.00624829 1.50092
1533558271156596736 -0.0978447 -0.0255905 0.00131665 -0.0227708 -0.00374891 1.50022
1533558271357601024 -0.0989638 -0.0257654 0.00161163 0.0211927 0.00349306 1.5098
1533558271591606016 -0.0991776 -0.0257881 0.00160152 0.0645391 0.0106456 1.52662
1533558271759609600 -0.099711 -0.0259487 0.00131417 0.112027 0.0184744 1.53283
1533558271972614144 -0.0998091 -0.0263502 0.00178279 0.157329 0.0259178 1.53498
1533558272173618432 -0.100032 -0.0261163 0.00168024 0.195 0.0320962 1.53233
1533558272380622848 -0.100304 -0.0255037 0.00174419 0.225897 0.0371389 1.53244
1533558272590627328 -0.099844 -0.0256409 0.00185542 0.244963 0.0402436 1.53759
